   8.5500000e-01   6.5446716e+00   7.5119263e+00
   1.4450000e+00   3.1399475e+00   1.1884668e+01
   2.3050000e+00  -1.1008301e-01   8.9464966e+00
   4.5000000e-01  -5.8621826e-01   3.2427307e+00
   3.3350000e+00   7.8777466e-01   4.9720093e+00
   2.9450000e+00  -2.6236572e-01   5.5279785e+00
   5.0650000e+00   4.2553101e-01   8.5863892e+00
   5.4450000e+00   1.3867737e+00   1.1741663e+01
   4.9000000e+00   5.8686157e+00   5.4079834e+00
   4.2750000e+00   4.3545166e+00   3.5692383e+00
   5.3750000e+00   8.6697021e+00   7.7931763e+00
   6.0850000e+00   6.8207642e+00   3.7173401e+00
   4.6800000e+00   1.6755920e+00   2.9728638e+00
   6.2000000e-01   1.3457275e+00   6.3764282e+00
  -3.8500000e-01   3.3889160e-01   1.1151941e+01
  -1.0450000e+00   4.2718506e-02   9.3221680e+00
  -1.7150000e+00   9.5147705e-02   6.6488892e+00
   6.2000000e-01   1.0709167e+00   4.1859375e+00
   3.9700000e+00   3.5670715e+00   1.0137903e+01
   4.7050000e+00   5.7485352e-01   1.0343011e+01
   4.1900000e+00   1.4339600e-01   8.2545715e+00
   2.5400000e+00   6.1327515e-01   6.4746338e+00
   3.8250000e+00   2.2962585e+00   5.3202759e+00
   4.6100000e+00   6.2412354e+00   1.4663940e+00
   4.4650000e+00   7.2746826e+00  -6.0764160e-01
   5.1600000e+00   9.4077393e+00  -8.8660278e-01
   4.3500000e+00   7.3426758e+00   1.1385742e+00
   4.3700000e+00   4.3478027e+00   6.5006042e+00
   5.2800000e+00   2.8217407e+00   4.5613037e+00
   5.0150000e+00   2.2433716e+00   3.9732910e+00
   4.2600000e+00   3.3705688e+00   7.4137817e+00
   4.6150000e+00   8.1169067e+00   1.0217432e+01
   6.1500000e-01   8.7530762e+00   1.0597040e+01
   1.7600000e+00   4.1328979e+00   1.1759302e+01
   1.3750000e+00   6.7445618e+00   9.1964355e+00
   4.7500000e+00   6.6219727e+00   3.9760376e+00
   2.9950000e+00   2.8954102e+00   5.2665649e+00
   6.9900000e+00   3.1029602e+00   5.0841919e+00
   7.8950000e+00   3.4338013e+00   2.6774536e+00
   7.5150000e+00   2.8151489e+00   8.7585693e+00
   9.9650000e+00   4.6991821e+00   1.1663873e+01
   7.8450000e+00   2.3916870e+00   6.5846191e+00
   6.0700000e+00   7.1059570e-01   3.6041504e+00
   8.0600000e+00   3.0000854e+00   1.1338220e+01
   8.4200000e+00   3.9413086e+00   1.1309351e+01
   6.5200000e+00   5.5107666e+00   5.4804932e+00
   6.3500000e+00   1.0731775e+01   6.6031738e+00
   4.8050000e+00   9.0382629e+00   9.5757690e+00
   6.9450000e+00   8.7657715e+00   7.3810059e+00
   7.0150000e+00   1.2625879e+01   6.3252502e+00
   4.3050000e+00   8.1859985e+00   8.3360229e+00
   5.7800000e+00   6.4774109e+00   9.3086182e+00
   1.0395000e+01   6.2371765e+00   1.0160852e+01
   9.2350000e+00   6.2639709e+00   1.0523828e+01
   5.4700000e+00   1.1052911e+01   9.9651733e+00
   3.4700000e+00   9.6905762e+00   1.2304865e+01
   3.2800000e+00   1.0430017e+01   1.1153406e+01
   1.6500000e-01   1.0632928e+01   6.0752197e+00
   2.0600000e+00   7.2096191e+00   6.4753052e+00
   4.4700000e+00   7.7901855e+00   9.0310913e+00
   9.0500000e-01   7.9251648e+00   7.1661011e+00
   1.4900000e+00   1.0162927e+01   1.2238489e+01
   5.4450000e+00   8.4790894e+00   1.2128259e+01
   9.7300000e+00   6.7162720e+00   1.3362146e+01
   1.0465000e+01   7.2504517e+00   9.2815796e+00
   8.9650000e+00   8.5043579e+00   8.1093384e+00
   6.5650000e+00   7.4414307e+00   1.0029443e+01
   9.4150000e+00   6.4237305e+00   1.0837305e+01
   7.6350000e+00   5.5515381e+00   1.1792505e+01
   6.7250000e+00   4.3803955e+00   1.2552820e+01
   9.9900000e+00   7.4417969e+00   1.3171320e+01
   1.2370000e+01   1.0121057e+01   1.2337366e+01
   1.0535000e+01   1.2449792e+01   1.0736353e+01
   1.0535000e+01   1.0536737e+01   9.8421265e+00
   1.1465000e+01   8.5810791e+00   8.8740173e+00
   9.7550000e+00   6.6486450e+00   9.8180176e+00
   1.1320000e+01   6.2682129e+00   9.5901733e+00
   1.3915000e+01   7.9959351e+00   5.8041626e+00
   1.2080000e+01   8.0961548e+00   4.5457397e+00
   1.0440000e+01   7.8298889e+00   5.7524048e+00
   1.6035000e+01   7.2242676e+00   8.5855347e+00
   1.3820000e+01   9.0238586e+00   1.1087671e+01
   1.2420000e+01   6.5529724e+00   1.0518549e+01
   1.4845000e+01   7.6283203e+00   1.0622278e+01
   1.3630000e+01   6.9248291e+00   1.0904688e+01
   1.2250000e+01   4.2814575e+00   1.1221277e+01
   7.1550000e+00   4.9165283e+00   1.2828333e+01
   1.0060000e+01   4.8827759e+00   1.3637872e+01
   8.8700000e+00   6.2663208e+00   1.3838647e+01
   1.2085000e+01   5.7519165e+00   1.3442529e+01
   1.2775000e+01   7.0093018e+00   1.2956689e+01
   1.3085000e+01   6.9822327e+00   1.2829004e+01
   1.2510000e+01   8.5656982e+00   1.3668970e+01
   1.1605000e+01   9.5989624e+00   1.2966211e+01
   1.1705000e+01   8.2878052e+00   1.4106836e+01
   1.2035000e+01   7.5138794e+00   1.3563440e+01
   8.0600000e+00   8.9005371e+00   1.2813135e+01
   1.1795000e+01   8.4269653e+00   1.3794519e+01
   1.2820000e+01   1.3033472e+01   1.4213403e+01
   1.0700000e+01   1.4488123e+01   1.1009119e+01
   1.0230000e+01   1.3828973e+01   1.0943872e+01
   1.3510000e+01   1.3409814e+01   1.1654138e+01
   1.2245000e+01   1.3091699e+01   1.0938257e+01
   7.4450000e+00   1.3577020e+01   1.0797174e+01
   7.5200000e+00   1.4723047e+01   1.2155939e+01
   1.1085000e+01   1.4195947e+01   1.1888208e+01
   1.0560000e+01   1.2635889e+01   1.0308649e+01
   1.0725000e+01   1.1532312e+01   1.0641595e+01
   1.1630000e+01   1.1019556e+01   1.1402612e+01
   1.0390000e+01   1.0895532e+01   1.1230371e+01
   7.3500000e+00   1.1120325e+01   1.2496729e+01
   1.0180000e+01   1.0842310e+01   1.3491571e+01
   7.9900000e+00   1.2984094e+01   1.4738672e+01
   1.1795000e+01   1.3179224e+01   1.3955713e+01
   1.3535000e+01   1.3632928e+01   1.5079065e+01
   1.6105000e+01   1.3110498e+01   1.5038416e+01
   1.4700000e+01   1.3305872e+01   1.4752740e+01
   1.4700000e+01   1.4048761e+01   1.5588617e+01
   1.6080000e+01   1.4446283e+01   1.4636865e+01
   1.5820000e+01   1.4947900e+01   1.2038965e+01
   1.5865000e+01   1.2637231e+01   1.2044336e+01
   1.9245000e+01   9.5385986e+00   1.2953271e+01
   1.8295000e+01   1.0197046e+01   1.1601221e+01
   1.3605000e+01   9.3463989e+00   1.2542139e+01
   1.6555000e+01   9.2925659e+00   1.4236719e+01
   1.5965000e+01   1.0176172e+01   1.4838037e+01
   1.8725000e+01   1.2067651e+01   1.6478906e+01
   2.0365000e+01   1.1750879e+01   1.6641992e+01
   1.8915000e+01   1.1302698e+01   1.5359277e+01
   1.8345000e+01   1.0547021e+01   1.5088037e+01
   1.9505000e+01   1.0019189e+01   1.6658105e+01
   1.9175000e+01   1.0366113e+01   1.5545313e+01
   1.9345000e+01   1.2199365e+01   1.4137842e+01
   1.7630000e+01   1.3414209e+01   1.4745752e+01
   1.6435000e+01   1.3420801e+01   1.4043115e+01
   1.8105000e+01   1.4499658e+01   1.4496240e+01
   1.8365000e+01   1.7251855e+01   1.3817285e+01
   2.0250000e+01   1.7476465e+01   1.4669580e+01
   1.6820000e+01   1.8281885e+01   1.5266016e+01
   1.7225000e+01   1.9146387e+01   1.5605615e+01
   1.4820000e+01   1.9149072e+01   1.7595605e+01
   1.8390000e+01   1.9993799e+01   1.9477930e+01
   2.0155000e+01   1.8493311e+01   1.9382227e+01
   2.2270000e+01   1.6890527e+01   2.0981104e+01
   2.3390000e+01   1.6052393e+01   1.7767969e+01
   2.1340000e+01   1.7054590e+01   1.9201318e+01
   2.2890000e+01   1.6784326e+01   2.0111963e+01
   2.4815000e+01   1.7597559e+01   1.7219141e+01
   2.6460000e+01   1.9006250e+01   1.6215723e+01
   2.5175000e+01   2.0612695e+01   1.6393213e+01
   2.4650000e+01   2.2129785e+01   1.8964014e+01
   2.3170000e+01   2.2370020e+01   1.8423486e+01
   1.7580000e+01   2.2239893e+01   1.9172998e+01
   1.6180000e+01   2.1796533e+01   2.0777002e+01
   1.4750000e+01   2.0970605e+01   2.1711084e+01
   1.7725000e+01   1.9683984e+01   2.1798975e+01
   1.8105000e+01   1.8680566e+01   2.1817041e+01
   2.0010000e+01   1.7777002e+01   2.1907861e+01
   2.0105000e+01   1.7433252e+01   2.1863672e+01
   2.2560000e+01   1.9706201e+01   2.3592188e+01
   2.1960000e+01   2.0864160e+01   2.5025537e+01
   1.8555000e+01   2.0586816e+01   2.5131494e+01
   1.6725000e+01   1.9070215e+01   2.5480371e+01
   1.8060000e+01   2.1726709e+01   2.3325830e+01
   2.0250000e+01   2.4286035e+01   2.3484766e+01
   2.1270000e+01   2.4923242e+01   2.4522607e+01
   2.2935000e+01   2.4303857e+01   2.2904443e+01
   2.1030000e+01   2.2309229e+01   1.9207666e+01
   1.9270000e+01   2.0941553e+01   2.0546777e+01
   1.9700000e+01   2.1317773e+01   1.9235742e+01
   1.9630000e+01   2.2341699e+01   1.8263330e+01
   2.1555000e+01   2.2323633e+01   1.7609521e+01
   2.0650000e+01   2.4070459e+01   1.5465234e+01
   2.2435000e+01   2.3970605e+01   1.7210352e+01
   2.4365000e+01   2.2891016e+01   1.9231592e+01
   2.5555000e+01   2.4858057e+01   1.8589990e+01
   2.5390000e+01   2.2555078e+01   1.7268213e+01
   2.5600000e+01   2.1506982e+01   1.9227930e+01
   2.3220000e+01   2.0050195e+01   2.0566309e+01
   2.3175000e+01   2.0401025e+01   2.1677637e+01
   2.5295000e+01   2.0273828e+01   2.0077539e+01
   2.5580000e+01   2.0236963e+01   1.8741602e+01
   2.4150000e+01   2.2218896e+01   1.8841455e+01
   2.4435000e+01   2.3802148e+01   2.1314844e+01
   2.3125000e+01   2.4646875e+01   2.2615625e+01
   2.4840000e+01   2.5414941e+01   2.1472803e+01
   2.5510000e+01   2.6681543e+01   2.1454248e+01
   2.2150000e+01   2.6382227e+01   2.2413965e+01
   2.1960000e+01   2.4944238e+01   2.4934961e+01
   2.2985000e+01   2.5292871e+01   2.5470117e+01
   2.3745000e+01   2.7460352e+01   2.5997949e+01
   2.3935000e+01   2.7405664e+01   2.6632959e+01
   2.4055000e+01   2.7590967e+01   2.7768945e+01
   2.3795000e+01   2.7719629e+01   2.7992822e+01
   2.5410000e+01   2.4887842e+01   2.5780664e+01
   2.4935000e+01   2.6613916e+01   2.4833643e+01
   2.2315000e+01   2.8059961e+01   2.4729395e+01
   2.1150000e+01   2.5257471e+01   2.4343652e+01
   2.1175000e+01   2.4885889e+01   2.3665918e+01
   2.2865000e+01   2.4217188e+01   2.3763086e+01
   2.0555000e+01   2.2870264e+01   2.5237451e+01
   1.9845000e+01   1.9476953e+01   2.6311914e+01
   2.1890000e+01   1.7334131e+01   2.4959863e+01
   2.3485000e+01   1.7661035e+01   2.6301416e+01
   2.4440000e+01   1.5819727e+01   2.6196924e+01
   2.4125000e+01   1.7357080e+01   2.3771631e+01
   2.5005000e+01   1.9214258e+01   2.3781641e+01
   2.6220000e+01   1.8684961e+01   2.5692285e+01
   2.5195000e+01   2.2933496e+01   2.6636865e+01
   2.5980000e+01   2.3259668e+01   2.6045068e+01
   2.5555000e+01   2.3324609e+01   2.7768701e+01
   2.6745000e+01   2.3896387e+01   2.7930322e+01
   2.6935000e+01   2.2462549e+01   2.3165430e+01
   2.7840000e+01   2.0907861e+01   2.3076807e+01
   2.7340000e+01   1.9972559e+01   2.4816309e+01
   2.5530000e+01   2.3126611e+01   2.5766992e+01
   2.4600000e+01   2.3353662e+01   2.6119531e+01
   2.2745000e+01   2.2987695e+01   2.1709375e+01
   2.4410000e+01   2.0329492e+01   2.1179834e+01
   2.4535000e+01   1.8758447e+01   2.1750879e+01
   2.4885000e+01   1.7908838e+01   2.4820947e+01
   2.4910000e+01   1.7468164e+01   2.5926660e+01
   2.0720000e+01   1.8439111e+01   2.6462793e+01
   2.0960000e+01   1.9666895e+01   2.6031396e+01
   2.1485000e+01   1.8630029e+01   2.4078760e+01
   2.3650000e+01   1.6099268e+01   2.3436426e+01
   2.5270000e+01   1.6531396e+01   2.4449121e+01
   2.6385000e+01   1.8368066e+01   2.3199854e+01
   2.6175000e+01   2.0398828e+01   2.3931299e+01
   2.5340000e+01   2.0910303e+01   2.3821924e+01
   2.4770000e+01   2.1580957e+01   1.9677881e+01
   2.4365000e+01   2.1484033e+01   1.9959863e+01
   2.4270000e+01   2.1107324e+01   2.1784814e+01
   2.4485000e+01   2.1174951e+01   2.3176660e+01
   2.5935000e+01   2.0543115e+01   2.0642480e+01
   2.6700000e+01   2.1133447e+01   2.2265771e+01
   2.6410000e+01   2.1337549e+01   2.4051904e+01
   2.6650000e+01   2.2172510e+01   2.1992578e+01
   2.6745000e+01   2.2120996e+01   2.0274561e+01
   2.6435000e+01   2.1980859e+01   2.1568750e+01
   2.6270000e+01   2.2204492e+01   2.2142480e+01
   2.2315000e+01   2.1743799e+01   2.2769434e+01
   1.8080000e+01   2.1450830e+01   2.2850244e+01
   1.3795000e+01   2.2363672e+01   2.1602686e+01
   1.8675000e+01   2.0348535e+01   2.2779932e+01
   2.0295000e+01   1.9612451e+01   2.2063623e+01
   1.8085000e+01   2.3286035e+01   1.7877588e+01
   1.9080000e+01   2.4236230e+01   1.6717188e+01
   1.8245000e+01   2.1619775e+01   1.7244043e+01
   1.8725000e+01   1.8903223e+01   1.7849756e+01
   2.1130000e+01   1.8771631e+01   1.6074609e+01
   2.0010000e+01   1.8139795e+01   1.7219873e+01
   1.6035000e+01   2.2751367e+01   1.8141504e+01
   1.5610000e+01   2.3535303e+01   1.8226221e+01
   1.5580000e+01   2.2237207e+01   1.8446680e+01
   1.7150000e+01   2.0876855e+01   1.7616357e+01
   1.6415000e+01   1.9937891e+01   1.8130762e+01
   1.6320000e+01   2.1690088e+01   1.7581201e+01
   1.6630000e+01   2.2471582e+01   1.9551416e+01
   1.5155000e+01   2.3374414e+01   1.9062891e+01
   1.4010000e+01   2.3055078e+01   2.0318262e+01
   1.5250000e+01   2.2408105e+01   2.0764307e+01
   1.6010000e+01   1.7944482e+01   2.0329248e+01
   1.6840000e+01   1.6258203e+01   1.9484766e+01
   1.5605000e+01   1.6496484e+01   1.6125391e+01
   1.4465000e+01   1.6459619e+01   1.3987695e+01
   1.6510000e+01   1.3636621e+01   1.2806787e+01
   1.6560000e+01   1.3997217e+01   1.3958887e+01
   1.5820000e+01   1.4611963e+01   1.4173730e+01
   1.6225000e+01   1.3483057e+01   1.4804590e+01
   1.6560000e+01   1.4662500e+01   1.5405420e+01
   1.4485000e+01   1.3912744e+01   1.6198877e+01
   1.6340000e+01   1.1098779e+01   1.7073633e+01
   1.6940000e+01   9.3331543e+00   1.4600732e+01
   1.8485000e+01   1.2692529e+01   1.2968164e+01
   1.8200000e+01   1.4782617e+01   1.3719141e+01
   1.7320000e+01   1.2400049e+01   1.5790430e+01
   1.9125000e+01   1.8604150e+01   1.6476465e+01
   1.8630000e+01   1.7598535e+01   1.6563135e+01
   1.9390000e+01   1.8439600e+01   1.5590479e+01
   1.9795000e+01   1.7692773e+01   1.3919763e+01
   1.9105000e+01   1.4120264e+01   1.3085107e+01
   1.8415000e+01   9.3077637e+00   1.2542993e+01
   1.8035000e+01   6.9972168e+00   1.4972070e+01
   1.8010000e+01   8.7838379e+00   1.5024072e+01
   1.7965000e+01   1.1047021e+01   1.5795068e+01
   1.7530000e+01   1.4072412e+01   1.3904810e+01
   1.7130000e+01   1.3452051e+01   1.3741113e+01
   1.7370000e+01   1.3255518e+01   1.4733545e+01
   1.5940000e+01   1.0452539e+01   1.2618311e+01
   1.4890000e+01   8.4911133e+00   1.3672021e+01
   1.6655000e+01   9.5174805e+00   1.0946436e+01
   1.7010000e+01   9.0548340e+00   9.2596680e+00
   1.7180000e+01   1.3006738e+01   1.0995264e+01
   1.5775000e+01   1.0039209e+01   1.1945947e+01
   1.4370000e+01   1.0362146e+01   1.2551172e+01
   1.5150000e+01   1.1050958e+01   1.6266504e+01
   1.4345000e+01   1.2650476e+01   1.6412134e+01
   1.2775000e+01   1.3261865e+01   1.4837793e+01
   1.2585000e+01   1.0475732e+01   1.1443750e+01
   1.1295000e+01   1.0433313e+01   6.9159790e+00
   1.1465000e+01   9.1372314e+00   8.5126587e+00
   1.1985000e+01   8.3531738e+00   1.5404810e+01
   1.3275000e+01   8.8884827e+00   1.1102930e+01
   1.3415000e+01   8.4402710e+00   1.0332910e+01
   1.1515000e+01   1.1606104e+01   1.2428125e+01
   1.0015000e+01   1.2344873e+01   1.4325586e+01
   8.8700000e+00   1.1599023e+01   8.2347656e+00
   7.6350000e+00   8.5476318e+00   7.1698242e+00
   7.8000000e+00   7.8722778e+00   1.4708643e+01
   6.4650000e+00   7.5660034e+00   1.3239832e+01
   7.8250000e+00   7.2987915e+00   1.3966058e+01
   5.9200000e+00   5.7158752e+00   1.5716699e+01
   7.4200000e+00   1.0891321e+01   9.2137695e+00
   6.3450000e+00   1.0736475e+01   5.7176758e+00
   8.4200000e+00   9.0201355e+00   6.6509033e+00
   1.0820000e+01   8.1275879e+00   1.0737909e+01
   1.0085000e+01   5.7877136e+00   1.0962976e+01
   4.9950000e+00   4.5701538e+00   1.1557367e+01
   4.8300000e+00   4.3607422e+00   1.0681665e+01
   5.5400000e+00   2.5458313e+00   1.3102045e+01
   4.3550000e+00   1.9848267e+00   1.4281824e+01
   4.7300000e+00   1.7662964e-01   1.5025598e+01
   4.3050000e+00  -9.6685791e-02   7.8688904e+00
   2.5150000e+00  -1.6483154e-01   7.0703979e+00
   3.7150000e+00  -7.0456543e-01   7.6762939e+00
   5.5550000e+00  -8.4476318e-01   6.6968018e+00
   3.5400000e+00  -3.3325200e-03   8.4203125e+00
   2.5650000e+00   1.5358521e+00   8.8741394e+00
   4.6150000e+00   3.6919800e+00   1.1888055e+01
   5.2300000e+00   4.4870239e+00   8.8073669e+00
   4.2050000e+00   3.8429810e+00   1.0684900e+01
   1.9000000e+00   1.9259888e+00   8.0390869e+00
   2.1650000e+00  -8.2067871e-02   3.4605347e+00
   5.7500000e+00   2.0104980e-02   3.5960938e+00
   4.9450000e+00   2.4185425e+00   5.6852966e+00
   3.3500000e+00   4.5195251e+00   3.2210327e+00
   3.7500000e+00   7.6023804e+00   9.2624146e+00
   3.4900000e+00   4.0831238e+00   6.5350281e+00
   4.8300000e+00   7.2867065e+00   4.9819580e+00
   4.0900000e+00   5.1232544e+00   1.2256677e+01
   2.8750000e+00   3.8976379e+00   1.3066675e+01
   9.5000000e-01   8.7044922e+00   7.0642944e+00
   1.2600000e+00   5.5955139e+00   3.2983337e+00
   7.6000000e-01   3.2190186e+00   3.7014404e+00
  -1.6200000e+00   5.4416138e+00   4.6408630e+00
  -8.6500000e-01   5.5422607e+00   9.6540161e+00
  -3.6450000e+00   5.8888794e+00   5.9890686e+00
  -3.2850000e+00   5.4848877e+00   4.5009399e+00
  -1.6900000e+00   7.4031616e+00   4.1475464e+00
  -2.0250000e+00   5.6140381e+00   3.4542480e+00
  -1.8600000e+00   7.4363647e+00   2.3360229e+00
  -2.4050000e+00   7.3063904e+00   2.4672485e+00
  -2.9000000e-01   8.0909668e+00   2.9990479e+00
  -2.5250000e+00   8.5383545e+00   1.7834717e+00
  -1.2150000e+00   7.8234802e+00   4.2971436e+00
  -4.8000000e-01   7.6240173e+00   3.4028564e+00
  -1.9350000e+00   2.0373779e+00   1.4624268e+00
  -2.3550000e+00  -2.8653564e-01   3.2814941e-01
  -1.1600000e+00   2.7852783e-01   3.3760986e-01
   2.0450000e+00   4.9819336e-01   6.5706787e-01
  -2.8500000e-01   4.4908691e+00   3.4259583e+00
   9.5000000e-02   5.1296021e+00   3.3958984e+00
   3.1400000e+00   3.5044800e+00   2.1904236e+00
   1.9500000e+00   5.6125427e+00   3.1309448e+00
  -8.3500000e-01   4.6635376e+00   5.5810791e+00
  -1.4550000e+00   1.0479370e+00   3.3236328e+00
  -1.8600000e+00   1.3545776e+00   4.7200562e+00
  -1.5950000e+00   2.0876709e+00   9.6448914e+00
  -3.0950000e+00   3.4227234e+00   3.6934448e+00
  -8.1000000e-01   1.4324890e+00   6.5015808e+00
  -1.0000000e+00  -1.6477051e-01   6.8393188e+00
  -2.4000000e-01  -8.3408203e-01   1.2437988e+00
  -2.4500000e-01  -3.1187805e+00  -6.8151855e-02
   7.1000000e-01  -3.8854736e+00   5.0073242e-02
   6.1500000e-01  -4.8080200e+00   6.6274414e-01
   2.8500000e-01  -5.2819580e+00   7.4282227e-01
   1.2100000e+00  -4.7098145e+00   1.9003235e+00
   1.9000000e-01  -3.3698486e+00   1.2263428e+00
  -2.3850000e+00  -1.1628784e+00  -4.4275513e-01
  -1.3850000e+00   3.6488892e+00  -8.2520142e-01
  -2.0050000e+00   7.0408569e+00  -6.0962524e-01
  -4.5900000e+00   3.2582336e+00   1.9341370e+00
  -3.1450000e+00   1.5831848e+00   1.0462854e+01
   1.3800000e+00   2.0545288e+00   6.7848145e+00
   2.5700000e+00   3.8780151e+00   2.9998108e+00
   9.5000000e-01   6.7931763e+00   4.1108032e+00
   1.6100000e+00   4.5371338e+00   3.3616577e+00
   1.9700000e+00   8.6306396e+00   1.5757385e+00
   3.8300000e+00   4.2211853e+00   1.0416504e+00
   3.9700000e+00   4.3095947e+00   2.7052551e+00
   5.0700000e+00   4.1925903e+00   9.4345642e+00
   3.0400000e+00   3.0577026e+00   7.6339355e+00
   3.0600000e+00   8.5073792e+00   1.0494165e+01
   3.6300000e+00   5.7737671e+00   1.1809534e+01
   4.4200000e+00  -1.7262939e+00   9.2181946e+00
   5.4900000e+00  -4.5233215e+00   1.2020074e+01
   3.4900000e+00  -4.3161682e+00   9.1811768e+00
   2.5700000e+00  -4.0375732e+00   5.0204102e+00
   1.5150000e+00  -3.6139893e+00   9.6621338e+00
   2.8950000e+00  -4.2522339e+00   4.1454102e+00
   4.2550000e+00  -6.4376587e+00   2.4670654e+00
   7.8700000e+00  -4.0189575e+00   3.9291626e+00
   6.3300000e+00  -1.1301025e+00   5.5445190e+00
   6.9200000e+00  -1.5067139e-01   5.7865234e+00
   1.1510000e+01   6.2536011e-01   6.2935730e+00
   7.2300000e+00   1.3856445e+00   5.2229858e+00
   7.6300000e+00   3.5827271e+00   3.7457825e+00
   7.3000000e+00   2.5830017e+00   4.8893677e+00
   7.2550000e+00   1.4944702e+00   5.0016113e+00
   4.5650000e+00   4.2251831e+00   4.6453186e+00
   1.3950000e+00   5.9090820e+00   5.3937317e+00
   4.4200000e+00   4.5243164e+00   4.8393188e+00
   4.8950000e+00   6.3420349e+00   5.0992371e+00
   6.8750000e+00   6.2223755e+00   8.8642212e+00
   6.9000000e+00   3.6631714e+00   9.0389038e+00
   5.9200000e+00   4.2471863e+00   9.6501099e+00
   3.9500000e+00   4.7313477e+00   6.3895203e+00
   5.1400000e+00   7.8292786e+00   6.9494873e+00
   5.6150000e+00   1.0597589e+01   9.9525391e+00
   5.1900000e+00   1.2203149e+01   7.6882263e+00
   5.7400000e+00   1.0451563e+01   3.7252136e+00
   6.3000000e+00   1.0725305e+01   2.1394287e+00
   8.8000000e+00   1.0455011e+01   1.4731079e+00
   8.2750000e+00   1.0501550e+01   1.2932373e+00
   8.1550000e+00   8.7022644e+00   1.6606079e+00
   7.6050000e+00   8.6593262e+00   2.8653198e+00
   9.0100000e+00   8.1087280e+00   3.2836548e+00
   7.4450000e+00   1.2652124e+01   3.5402466e+00
   9.3700000e+00   9.0805298e+00   4.7358032e+00
   1.1225000e+01   5.6926514e+00   6.2510010e+00
   9.8700000e+00   1.1462427e+01   7.1997314e+00
   1.0460000e+01   8.6454712e+00   7.1194092e+00
   1.2245000e+01   5.4127747e+00   6.4602295e+00
   1.1865000e+01   4.4154907e+00   4.7425476e+00
   1.0915000e+01   3.5614258e+00   1.6806580e+00
   1.1775000e+01   4.0356689e+00   3.0314270e+00
   9.2750000e+00   3.0019165e+00   3.2506958e+00
   1.1465000e+01   3.4085327e+00   3.6132446e+00
   1.0275000e+01   2.2135864e+00   5.1747681e+00
   1.0730000e+01   3.4780518e+00   4.3817993e+00
   1.3275000e+01   1.2271362e+00   4.3221069e+00
   1.4035000e+01   3.7879272e+00   5.5144897e+00
   1.5845000e+01   6.2149902e+00   4.6368347e+00
   1.5700000e+01   6.1250244e+00   5.0628906e+00
   1.6295000e+01   6.5572144e+00   5.4342896e+00
   9.7350000e+00   7.2649780e+00   6.8646484e+00
   7.7100000e+00   9.4331299e+00   5.4898010e+00
   5.6850000e+00   4.8637024e+00   1.0837915e+01
   6.7300000e+00   5.5620056e+00   1.1512903e+01
   7.0650000e+00   7.8469482e+00   1.1190942e+01
   7.3050000e+00   1.0554865e+01   1.1542535e+01
   8.0900000e+00   1.0520715e+01   1.0551721e+01
   8.6050000e+00   5.3491455e+00   6.0749756e+00
   1.1130000e+01   4.2160278e+00   4.6920715e+00
   1.1250000e+01   3.5537354e+00   5.7755371e+00
   1.2205000e+01   4.9980713e+00   5.6528870e+00
   1.1915000e+01   8.1300293e+00   5.8839966e+00
   1.4060000e+01   8.8792358e+00   7.5442749e+00
   1.2275000e+01   9.8938843e+00   8.0475708e+00
   8.9900000e+00   9.3993774e+00   8.4761597e+00
   8.2000000e+00   8.1666504e+00   4.1068970e+00
   9.2000000e+00   9.0632874e+00   5.8827148e+00
   6.8000000e+00   9.0796448e+00   6.9018799e+00
   9.2550000e+00   8.1321655e+00   5.3268677e+00
   7.9700000e+00   7.5640503e+00   6.1127563e+00
   8.9450000e+00   7.4930054e+00   7.6639648e+00
   1.1995000e+01   7.4515930e+00   7.7585693e+00
   1.3060000e+01   6.8373962e+00   8.7469727e+00
   1.2630000e+01   6.3566223e+00   6.3984009e+00
   1.0415000e+01   7.1517578e+00   7.3320862e+00
   1.1825000e+01   9.9865967e+00   8.3127075e+00
   1.2700000e+01   8.5375000e+00   1.0908777e+01
   1.3345000e+01   5.3990723e+00   1.0257288e+01
   1.2440000e+01   5.6017395e+00   7.0739380e+00
   1.4820000e+01   6.2764221e+00   6.9384399e+00
   1.4510000e+01   7.6822144e+00   7.6763550e+00
   1.5465000e+01   7.7333618e+00   1.0432275e+01
   1.6440000e+01   8.8736816e+00   1.1268823e+01
   1.5770000e+01   7.4137207e+00   1.1384668e+01
   1.6630000e+01   7.4601074e+00   9.7535645e+00
   1.7750000e+01   9.2911621e+00   1.2250391e+01
   1.3775000e+01   9.7745605e+00   1.2211206e+01
   1.3890000e+01   9.7281738e+00   1.0779199e+01
   1.4750000e+01   1.0441522e+01   1.3293787e+01
   1.7580000e+01   1.1257837e+01   1.4623468e+01
   1.5105000e+01   1.2174463e+01   1.3080652e+01
   1.4440000e+01   1.1061975e+01   1.4773889e+01
   1.2655000e+01   1.1212793e+01   1.6285455e+01
   1.2895000e+01   1.1700342e+01   1.5028711e+01
   1.4085000e+01   1.1924951e+01   1.4743799e+01
   1.4920000e+01   1.3166650e+01   1.2808008e+01
   1.4895000e+01   1.3277490e+01   1.3088525e+01
   1.3225000e+01   1.3619287e+01   1.2353662e+01
   1.4250000e+01   1.4889063e+01   1.2766260e+01
   1.6985000e+01   1.5206201e+01   1.2297754e+01
   1.7080000e+01   1.4808740e+01   1.2965479e+01
   1.7700000e+01   1.4683740e+01   1.4287744e+01
   1.8870000e+01   1.5894434e+01   1.4967676e+01
   1.8605000e+01   1.5334131e+01   1.4731592e+01
   2.1270000e+01   1.0466211e+01   1.5451807e+01
   2.1345000e+01   1.1891992e+01   1.6883203e+01
   1.9675000e+01   1.3228662e+01   1.7902002e+01
   1.9865000e+01   1.6358301e+01   1.8966211e+01
   1.9725000e+01   1.7225244e+01   1.5861719e+01
   1.9965000e+01   1.6254541e+01   1.2276270e+01
   1.9320000e+01   1.7889551e+01   1.4742090e+01
   1.6035000e+01   1.6850244e+01   1.7841943e+01
   1.9175000e+01   1.5243066e+01   1.5309229e+01
   1.9530000e+01   1.5485742e+01   1.5464502e+01
   1.8700000e+01   1.4533594e+01   1.6015771e+01
   1.6270000e+01   1.4435449e+01   1.5106836e+01
   1.6990000e+01   1.4164697e+01   1.3280420e+01
   1.7750000e+01   1.4583154e+01   1.3879297e+01
   2.0275000e+01   1.7759424e+01   1.5744531e+01
   2.1650000e+01   1.7937646e+01   1.6848047e+01
   2.2415000e+01   1.8398584e+01   2.0266260e+01
   2.2440000e+01   2.0302393e+01   1.6324854e+01
   2.0795000e+01   2.2121729e+01   1.5229150e+01
   2.0865000e+01   2.2722559e+01   1.4552393e+01
   2.0220000e+01   2.4202295e+01   1.5953271e+01
   1.7750000e+01   2.3330469e+01   1.7490137e+01
   1.8365000e+01   2.1615869e+01   1.5187891e+01
   1.8485000e+01   2.0420313e+01   1.6089502e+01
   1.8010000e+01   1.9601709e+01   1.8569238e+01
   1.9965000e+01   2.0444482e+01   2.0584619e+01
   1.9985000e+01   2.0979883e+01   2.0724756e+01
   2.1820000e+01   2.1953027e+01   1.9506250e+01
   2.2870000e+01   2.1464502e+01   2.0091211e+01
   2.3505000e+01   2.1720605e+01   1.8676660e+01
   2.4485000e+01   1.9947900e+01   1.8002100e+01
   2.4865000e+01   1.9679102e+01   1.6833887e+01
   2.5820000e+01   1.9609521e+01   1.8126367e+01
   2.8240000e+01   2.1173730e+01   2.1102686e+01
   2.7935000e+01   2.2970850e+01   2.3662012e+01
   2.7860000e+01   2.4662988e+01   2.3697900e+01
   2.7100000e+01   2.5444482e+01   2.3144678e+01
   2.8390000e+01   2.5929346e+01   2.3778711e+01
   2.9125000e+01   2.5373193e+01   2.4145410e+01
   2.8550000e+01   2.5964014e+01   2.4745752e+01
   2.3840000e+01   2.6145654e+01   2.4961816e+01
   2.3700000e+01   2.5337793e+01   2.4439600e+01
   2.3200000e+01   2.6548486e+01   2.5637842e+01
   2.3720000e+01   2.6754541e+01   2.5816309e+01
   2.1960000e+01   2.6850000e+01   2.5040918e+01
   2.1130000e+01   2.8104150e+01   2.5859766e+01
   2.1865000e+01   2.5518457e+01   2.3879053e+01
   2.3365000e+01   2.2164697e+01   2.5418604e+01
   2.5840000e+01   2.2163965e+01   2.4078271e+01
   2.3385000e+01   2.4097559e+01   2.2598291e+01
   2.2320000e+01   2.5560938e+01   2.3012109e+01
   2.1295000e+01   2.3846582e+01   2.4147607e+01
   2.1345000e+01   2.4713037e+01   2.3759180e+01
   2.4270000e+01   2.5289941e+01   2.2254297e+01
   2.4720000e+01   2.3607813e+01   2.0854150e+01
   2.5815000e+01   2.4783350e+01   2.1580713e+01
   2.5840000e+01   2.6507715e+01   2.2475732e+01
   2.5890000e+01   2.7400537e+01   2.5255762e+01
   2.1915000e+01   2.6222314e+01   2.5668359e+01
   2.1200000e+01   2.2096094e+01   2.5702295e+01
   1.8440000e+01   2.2111963e+01   2.5878809e+01
   2.1530000e+01   2.1901514e+01   2.6349268e+01
   2.2105000e+01   2.1806543e+01   2.6965234e+01
   2.2295000e+01   2.0385645e+01   2.7614160e+01
   2.1010000e+01   2.1907861e+01   2.7240137e+01
   2.2985000e+01   2.1676904e+01   2.1851221e+01
   2.2795000e+01   2.3273584e+01   2.4721338e+01
   2.3695000e+01   2.3572900e+01   2.5296533e+01
   2.4480000e+01   2.4916162e+01   2.6788477e+01
   2.5220000e+01   2.6415186e+01   2.6278223e+01
   2.3505000e+01   2.4806787e+01   2.7180811e+01
   2.1485000e+01   2.5866113e+01   2.5304834e+01
   2.2200000e+01   2.6768213e+01   2.3079736e+01
   2.4055000e+01   2.5691553e+01   2.1971094e+01
   2.5125000e+01   2.7229150e+01   2.1254785e+01
   2.4840000e+01   2.6576563e+01   2.3471094e+01
   2.4530000e+01   2.3398828e+01   2.5891748e+01
   2.2820000e+01   2.1893213e+01   2.5652246e+01
   2.2410000e+01   2.2238428e+01   2.5986230e+01
   2.4245000e+01   2.2486475e+01   2.7524316e+01
   2.4745000e+01   2.4050195e+01   2.7303613e+01
   2.3650000e+01   2.4092188e+01   2.6847314e+01
   2.2250000e+01   2.4441553e+01   2.7188135e+01
   2.2885000e+01   2.2310693e+01   2.7628076e+01
   2.2655000e+01   1.5192529e+01   2.7437158e+01
   2.0415000e+01   1.8589258e+01   2.6650293e+01
   1.7555000e+01   1.8830469e+01   2.6489893e+01
   1.5865000e+01   1.8778467e+01   2.5872705e+01
   2.1410000e+01   1.7604883e+01   2.4071680e+01
   2.0435000e+01   2.1109766e+01   2.4262354e+01
   2.2320000e+01   2.0928857e+01   2.4819727e+01
   2.3530000e+01   1.9807520e+01   2.5730615e+01
   2.4245000e+01   2.1945703e+01   2.6391992e+01
   2.4485000e+01   2.0944238e+01   2.6473047e+01
   2.3885000e+01   1.9727441e+01   2.7132471e+01
   2.4125000e+01   1.9199121e+01   2.6360010e+01
   2.4890000e+01   1.9473291e+01   2.4832666e+01
   2.3080000e+01   1.8581445e+01   2.4009180e+01
   2.2650000e+01   1.9802637e+01   2.2141992e+01
   2.2220000e+01   1.9189355e+01   2.3538965e+01
   2.3295000e+01   1.8551172e+01   2.5390527e+01
   2.3270000e+01   1.7793115e+01   2.3469873e+01
   2.2435000e+01   1.9787500e+01   2.3086572e+01
   2.2175000e+01   1.8996729e+01   2.2204492e+01
   2.1910000e+01   2.0824121e+01   2.3857568e+01
   2.2985000e+01   1.9175684e+01   2.1022363e+01
   2.3315000e+01   1.7072656e+01   2.4506250e+01
   2.4175000e+01   1.6542871e+01   2.3285059e+01
   2.4200000e+01   1.8131738e+01   2.5854150e+01
   2.2035000e+01   1.9258936e+01   2.3533105e+01
   2.0650000e+01   1.9835107e+01   2.3214014e+01
   1.8320000e+01   2.0532129e+01   1.9329248e+01
   2.0700000e+01   2.0455713e+01   2.0517236e+01
   2.0535000e+01   2.2484033e+01   1.9632715e+01
   2.1680000e+01   2.0221094e+01   1.9902979e+01
   2.1865000e+01   2.0715723e+01   1.8137842e+01
   2.1150000e+01   2.0844873e+01   1.9748682e+01
   2.0840000e+01   2.1395410e+01   1.8520410e+01
   2.0750000e+01   2.0314111e+01   1.7940088e+01
   2.1865000e+01   1.5887598e+01   1.4757715e+01
   1.8870000e+01   1.4549951e+01   1.7235498e+01
   1.8035000e+01   1.6463525e+01   1.4510645e+01
   1.8915000e+01   1.7533838e+01   1.6031641e+01
   1.8345000e+01   1.8450586e+01   1.6227197e+01
   1.9415000e+01   1.7361719e+01   1.9215723e+01
   2.0010000e+01   1.6556787e+01   1.7616846e+01
   1.8935000e+01   1.7735010e+01   1.5748682e+01
   2.1035000e+01   1.8692773e+01   1.5137598e+01
   2.0435000e+01   1.7045068e+01   1.6132959e+01
   1.8675000e+01   1.5027002e+01   1.6388086e+01
   1.2895000e+01   1.3999414e+01   1.6759424e+01
   1.4180000e+01   1.6146631e+01   1.6936670e+01
   1.0535000e+01   1.7952051e+01   1.6802148e+01
   1.3110000e+01   1.7549036e+01   1.8167871e+01
   1.5915000e+01   1.5461847e+01   1.7997461e+01
   1.3060000e+01   1.3340723e+01   1.7620996e+01
   1.3845000e+01   1.3035791e+01   1.7710107e+01
   1.3845000e+01   1.3671045e+01   1.7937891e+01
   1.4250000e+01   1.2170557e+01   1.7432764e+01
   1.4825000e+01   1.1617090e+01   1.6765283e+01
   1.6105000e+01   1.0555322e+01   1.6881250e+01
   1.4460000e+01   1.1009668e+01   1.7379541e+01
   1.5180000e+01   1.1573389e+01   1.8338281e+01
   1.5300000e+01   1.1887598e+01   1.3161035e+01
   1.4580000e+01   1.3662500e+01   1.2137354e+01
   1.3390000e+01   1.7127100e+01   1.5888574e+01
   1.5060000e+01   1.7413477e+01   1.2913477e+01
   1.4490000e+01   1.6093408e+01   1.2797510e+01
   1.6155000e+01   1.3449121e+01   1.3516016e+01
   1.4725000e+01   1.3236230e+01   1.3113916e+01
   1.3040000e+01   1.2824854e+01   1.4480371e+01
   1.3085000e+01   1.1784326e+01   1.4374414e+01
   1.5035000e+01   1.1462183e+01   1.6627100e+01
   1.6940000e+01   1.4406152e+01   1.3685205e+01
   1.7865000e+01   9.5006348e+00   1.4639551e+01
   1.4250000e+01   1.1325342e+01   1.7647363e+01
   1.2250000e+01   1.4903955e+01   1.5998193e+01
   1.0610000e+01   1.4009424e+01   1.1996240e+01
   1.0225000e+01   1.2569788e+01   1.5211359e+01
   1.2965000e+01   1.1861688e+01   1.5097101e+01
   1.5630000e+01   1.0285608e+01   1.3405664e+01
   1.2015000e+01   6.7965332e+00   9.0074707e+00
   1.1895000e+01   3.2870117e+00   1.2775293e+01
   1.3920000e+01   2.1354614e+00   1.0608423e+01
   1.2580000e+01   4.2772461e+00   1.4911523e+01
   1.5680000e+01   9.7086121e+00   1.7063165e+01
   1.0395000e+01   1.1625757e+01   1.8961450e+01
   9.1600000e+00   1.1151086e+01   1.8438501e+01
   1.2680000e+01   1.3639429e+01   1.6628687e+01
   1.0825000e+01   1.5651239e+01   1.6659631e+01
   1.1110000e+01   1.2599573e+01   1.5705042e+01
   9.7250000e+00   1.4556665e+01   1.3335840e+01
   1.2680000e+01   1.1760400e+01   1.2670068e+01
   1.0635000e+01   8.3245789e+00   1.4062646e+01
   8.4900000e+00   7.0516602e+00   1.2602197e+01
   5.7300000e+00   4.5849854e+00   1.1561609e+01
   7.1300000e+00   2.8954407e+00   1.4603174e+01
   4.4950000e+00   4.3259521e+00   1.4808008e+01
   5.6650000e+00   1.0740686e+01   1.4916223e+01
   4.2800000e+00   1.2681177e+01   1.3086237e+01
   5.8750000e+00   8.8746582e+00   6.7332397e+00
   7.6350000e+00   7.7389160e+00   8.1839233e+00
   1.1205000e+01   5.2224365e+00   8.2268311e+00
   1.4535000e+01   6.1896606e+00   8.1809937e+00
   1.3035000e+01   8.6486450e+00   1.1182184e+01
   1.1870000e+01   9.0732971e+00   7.8502136e+00
   9.6050000e+00   8.8984619e+00   5.9027039e+00
   9.3700000e+00   8.5187927e+00   6.9334351e+00
   8.2500000e+00   8.5381714e+00   1.0532312e+01
   9.7000000e+00   6.4980103e+00   1.2871423e+01
   6.7750000e+00   4.5920959e+00   1.2508691e+01
   6.8700000e+00   5.6820313e+00   8.2955566e+00
   9.2000000e+00   5.4742676e+00   4.8050476e+00
   9.8450000e+00   6.0770813e+00   2.6243530e+00
   1.0560000e+01   9.1664673e+00   3.1918884e+00
   1.3035000e+01   4.4771973e+00   3.1281677e+00
   1.3510000e+01   8.5662476e+00   6.1793152e+00
   9.3950000e+00   7.4711853e+00   5.4410950e+00
   8.8000000e+00   6.5703674e+00   5.1847778e+00
   4.1800000e+00   6.1262451e+00   6.0631348e+00
   3.5900000e+00   5.1958252e+00   6.3604980e+00
   5.1100000e+00   7.3464600e+00   6.4303833e+00
   4.9750000e+00   8.3803955e+00   6.5641113e+00
   7.8250000e+00   8.3817078e+00   1.1993158e+01
   7.7750000e+00   5.8213440e+00   1.1834192e+01
   5.9400000e+00   8.0046936e+00   9.8772217e+00
   5.1800000e+00   6.4764648e+00   1.0664056e+01
   2.9000000e+00   7.0419556e+00   1.0484277e+01
  -1.9500000e-01   6.9765564e+00   7.4190308e+00
  -1.2400000e+00   1.0843896e+01   7.2252441e+00
   1.3250000e+00   1.0263696e+01   4.3589111e+00
   3.0450000e+00   8.8071533e+00   2.8576904e+00
   3.7500000e-01   7.2579590e+00   6.6704651e+00
   3.3250000e+00   6.9527832e+00   9.1339966e+00
   4.5900000e+00   2.7092224e+00   6.3106323e+00
   6.2050000e+00   5.7546021e+00   5.1460815e+00
   5.3450000e+00   4.7648560e+00   9.5987183e+00
   6.9000000e-01   2.4360596e+00   2.6775146e+00
   2.8250000e+00   1.8817993e+00   6.7163086e-02
   3.1550000e+00   1.9464966e+00   6.5575562e-01
   4.9400000e+00   2.0874878e+00   5.8427979e+00
   6.1550000e+00   1.8178345e+00   5.8947693e+00
   6.3200000e+00   1.4787842e+00   1.3667542e+00
   7.5850000e+00   1.8857056e+00   1.7968079e+00
   7.9400000e+00   5.6758667e+00   2.7922974e-01
   6.7300000e+00   3.3700500e+00  -8.2401123e-01
   5.3500000e+00   2.4583679e+00  -8.6264648e-01
   7.0850000e+00   3.3888184e+00  -1.4885620e+00
   2.6600000e+00   2.6832520e+00  -1.8389954e+00
   5.9900000e+00   2.0244751e-01  -2.1972412e+00
   4.6800000e+00  -2.9868164e-01   1.4376221e-01
   3.8700000e+00  -7.8775635e-01   2.9945618e+00
   7.5400000e+00  -1.8506226e+00   2.8798462e+00
   3.3250000e+00  -1.8582520e+00   7.4406982e+00
   1.2150000e+00  -2.6601318e+00   3.4751526e+00
   1.6400000e+00  -2.4479431e+00   9.2666016e-01
   2.0850000e+00  -2.4493774e+00   9.7680054e-01
   9.7000000e-01  -3.9235596e+00   1.4737793e+00
  -7.0000000e-02  -4.6464600e+00   2.0057007e+00
  -1.4050000e+00  -4.1130737e+00   1.8449341e+00
   2.8000000e-01  -4.1930908e+00   2.2107788e+00
  -4.0500000e-01  -9.2301025e-01   7.5628906e+00
  -1.4550000e+00   1.4028320e-01   1.0554926e+01
   1.9500000e+00   7.8099976e-01   1.0199335e+01
   1.8300000e+00  -1.0785278e+00   9.2585083e+00
   3.2150000e+00  -3.7313599e+00   7.2962280e+00
   4.2050000e+00  -4.4964966e+00   4.2991882e+00
  -1.0000000e-01  -5.5566162e+00  -4.1540527e-02
  -3.6000000e-01  -3.8393921e+00  -3.3542480e-01
   1.8300000e+00  -1.9741577e+00  -1.2923340e+00
   2.5900000e+00  -1.1130737e+00  -1.8004822e+00
   1.9000000e+00  -7.1979370e-01  -1.5718750e+00
   1.9200000e+00  -3.7150024e+00  -2.5601807e-01
   5.1400000e+00  -4.5820374e+00  -2.6019043e+00
   5.1150000e+00  -3.8996643e+00  -4.4922485e-01
   3.7600000e+00  -3.3790649e+00   3.3297119e-01
   4.2550000e+00  -3.5968994e+00   2.7258545e+00
   6.1100000e+00  -6.3992920e-01   7.6711670e+00
   3.1900000e+00   1.4134766e+00   4.6776978e+00
   2.4250000e+00  -8.5953369e-01   6.7768188e+00
   2.1900000e+00  -1.1571411e+00   3.8770996e+00
   1.2350000e+00   1.4922119e+00   6.8835693e+00
   2.8000000e-01   5.2040039e+00   9.9460693e+00
  -8.1000000e-01   2.8379150e+00   1.1763940e+01
   2.2600000e+00   2.6996094e+00   8.9232422e+00
   4.7600000e+00   1.8379150e+00   8.9842773e+00
   5.1850000e+00   1.6488892e+00   7.7226196e+00
   7.1000000e-01   1.4128967e+00   9.3395630e+00
   2.7350000e+00   4.4823608e-01   9.7603394e+00
   9.9500000e-01  -2.5833740e-01   8.8660217e+00
  -5.5000000e-01   2.8509766e+00   4.7684265e+00
  -4.5500000e-01   7.9411255e+00   4.3269897e+00
   2.6000000e-01   5.4651733e+00   1.5072876e+00
  -7.5000000e-02   1.6953979e+00   2.7047058e+00
   7.1000000e-01   3.8537842e+00   1.2731567e+00
   6.9000000e-01   5.3176514e+00   3.0217896e-01
   1.1900000e+00   3.5071350e+00   1.6015259e+00
  -9.5000000e-02   7.2228943e+00   3.3984009e+00
   2.1500000e-01   7.3288208e+00   3.5026794e+00
   2.1000000e-01   3.8279663e+00   5.1230713e+00
   1.2850000e+00   2.4082886e+00   3.6672913e+00
   2.6650000e+00   1.0976563e-01   4.2695862e+00
   2.9500000e+00   1.0571533e+00   3.9509521e+00
   2.9050000e+00   1.4989868e+00   1.5858398e+00
   2.9700000e+00   1.4178711e+00   1.6818481e+00
   4.2100000e+00   3.6332642e+00   3.0431152e+00
   3.8050000e+00   4.5688110e+00   2.2946716e+00
   2.6650000e+00   6.1272827e+00   3.8850647e+00
   5.5200000e+00   9.8262878e+00   6.3356262e+00
   6.7100000e+00   5.7370239e+00   5.4330078e+00
   8.6300000e+00   4.9180542e+00   5.5162292e+00
   7.4200000e+00   8.5099731e+00   3.6201416e+00
   8.0450000e+00   7.9752747e+00   9.8952271e+00
   7.8750000e+00   8.4283691e+00   8.5665527e+00
   7.6100000e+00   7.4378296e+00   1.1441675e+01
   9.2250000e+00   6.9789673e+00   1.1781732e+01
   7.0150000e+00   8.4260498e+00   1.0631738e+01
   8.4650000e+00   1.0669336e+01   1.1271021e+01
   1.1580000e+01   1.0671167e+01   9.4391724e+00
   1.0345000e+01   7.5616699e+00   8.2227112e+00
   1.2535000e+01   7.6123291e+00   7.2037598e+00
   1.0770000e+01   8.3407837e+00   4.6720825e+00
   7.4900000e+00   7.2142273e+00   2.5477539e+00
   7.3450000e+00   8.7228638e+00   2.2106567e+00
   6.3800000e+00   9.9851929e+00   3.1016479e+00
   6.9000000e+00   1.1653467e+01   5.2065369e+00
   8.0200000e+00   1.0269434e+01   9.1118408e+00
   7.4700000e+00   8.7981812e+00   5.7953735e+00
   9.4450000e+00   8.5556274e+00   5.7510925e+00
   8.5650000e+00   8.7936035e+00   5.1914307e+00
   6.9450000e+00   1.0952417e+01   4.4438721e+00
   6.5450000e+00   1.1752161e+01   5.2386108e+00
   8.1400000e+00   9.6132446e+00   9.9284302e+00
   1.0070000e+01   8.7256714e+00   1.2286066e+01
   1.1965000e+01   9.6459595e+00   1.2435144e+01
   1.1445000e+01   1.2086572e+01   1.0425470e+01
   1.1535000e+01   1.2075891e+01   9.8749939e+00
   1.1415000e+01   1.1455591e+01   9.0838257e+00
   1.2135000e+01   1.1050256e+01   7.4972168e+00
   1.2870000e+01   1.1592340e+01   7.1591125e+00
   1.3535000e+01   1.3123010e+01   7.2175842e+00
   9.8700000e+00   9.4942261e+00   1.1965723e+01
   8.8000000e+00   8.7581421e+00   1.2235742e+01
   7.2750000e+00   1.0580560e+01   1.2166162e+01
   8.3550000e+00   1.1398981e+01   1.0218500e+01
   9.5150000e+00   1.2551202e+01   9.7361389e+00
   3.7600000e+00   1.2158319e+01   1.0342798e+01
   3.9950000e+00   1.1754663e+01   1.0936121e+01
   5.4500000e+00   1.2783594e+01   9.4975220e+00
   4.9450000e+00   1.2052393e+01   6.7221008e+00
   8.0600000e+00   1.3732446e+01   8.7016235e+00
   9.4200000e+00   1.2555505e+01   9.5375916e+00
   1.0730000e+01   8.6683594e+00   8.6935669e+00
   1.2465000e+01   8.5334412e+00   6.7578369e+00
   1.3395000e+01   9.0104614e+00   5.0472961e+00
   1.4725000e+01   1.0132715e+01   5.5752197e+00
   1.6580000e+01   8.4783569e+00   6.7188965e+00
   1.5725000e+01   6.0913940e+00   7.7179199e+00
   1.0180000e+01   5.3276611e+00   7.6888672e+00
   1.1585000e+01   5.9681641e+00   8.6820313e+00
   1.4175000e+01   8.3801208e+00   1.0058252e+01
   1.4015000e+01   9.5971924e+00   1.2840234e+01
   1.6465000e+01   1.2744409e+01   1.2050439e+01
   1.5965000e+01   1.0162439e+01   9.9752441e+00
   1.6725000e+01   1.1971063e+01   1.1514063e+01
   1.6390000e+01   1.0139490e+01   1.4611963e+01
   1.7655000e+01   1.0200342e+01   1.4635400e+01
   1.6415000e+01   1.2333215e+01   1.3571436e+01
   1.7605000e+01   1.4766901e+01   1.1332300e+01
   1.6320000e+01   1.4423242e+01   1.2146387e+01
   1.9935000e+01   1.3893640e+01   1.3466699e+01
   1.6820000e+01   1.3350061e+01   1.4993311e+01
   1.9675000e+01   1.3255762e+01   1.5308252e+01
   1.9175000e+01   1.3266718e+01   1.3328516e+01
   2.0535000e+01   1.4476892e+01   1.2877588e+01
   2.1580000e+01   1.5417505e+01   1.4103662e+01
   2.1840000e+01   1.6153528e+01   1.5541650e+01
   2.2695000e+01   1.6350458e+01   1.6487451e+01
   2.0890000e+01   1.6227106e+01   1.6796655e+01
   1.7770000e+01   1.6625391e+01   1.7536523e+01
   1.9745000e+01   1.6188043e+01   1.7831201e+01
   2.1175000e+01   1.6192041e+01   1.7386865e+01
   2.0840000e+01   1.5956445e+01   1.7634668e+01
   1.8270000e+01   1.5166406e+01   1.9164941e+01
   1.6630000e+01   1.5726953e+01   1.9819238e+01
   1.6300000e+01   1.6066797e+01   1.9314355e+01
   1.6610000e+01   1.5152490e+01   1.6151514e+01
   1.7990000e+01   1.5789697e+01   1.5226465e+01
   1.9820000e+01   1.4225000e+01   1.8095117e+01
   1.8105000e+01   1.3390527e+01   1.8706201e+01
   1.6560000e+01   1.5134424e+01   1.8345117e+01
   1.6295000e+01   1.4620752e+01   1.7621973e+01
   1.9745000e+01   1.3306787e+01   1.6508203e+01
   2.0605000e+01   1.4149316e+01   1.7308008e+01
   2.1775000e+01   1.5897852e+01   1.8724512e+01
   2.0270000e+01   1.8083643e+01   1.9551172e+01
   2.2675000e+01   1.9812891e+01   2.0609766e+01
   2.4390000e+01   2.0571191e+01   2.2624902e+01
   2.4100000e+01   1.9609033e+01   2.2638330e+01
   2.2630000e+01   1.9079004e+01   1.7689600e+01
   2.3910000e+01   1.8176172e+01   1.9422998e+01
   2.4390000e+01   1.7211084e+01   1.7029199e+01
   2.4625000e+01   1.6573145e+01   1.9114893e+01
   2.2815000e+01   1.3680078e+01   2.0331689e+01
   2.4840000e+01   1.4224756e+01   2.1898584e+01
   2.4865000e+01   1.7093896e+01   2.3196924e+01
   2.4720000e+01   1.7222314e+01   2.2448389e+01
   2.4865000e+01   1.4383691e+01   2.1484521e+01
   2.5510000e+01   1.8247461e+01   2.0520898e+01
   2.5195000e+01   1.9677393e+01   2.0269189e+01
   2.5935000e+01   1.9186426e+01   2.0252588e+01
   2.5985000e+01   2.0153223e+01   2.1622217e+01
   2.8055000e+01   2.2248438e+01   2.1455713e+01
   2.7840000e+01   2.1745508e+01   2.0698389e+01
   2.8005000e+01   2.0877344e+01   1.9141260e+01
   2.6980000e+01   2.1687646e+01   2.0372949e+01
   2.6340000e+01   2.2294092e+01   2.2966699e+01
   2.3960000e+01   2.4085840e+01   2.3469629e+01
   2.4510000e+01   2.2921533e+01   2.3326074e+01
   2.4980000e+01   2.0746729e+01   2.2255762e+01
   2.5290000e+01   1.8150537e+01   2.2477441e+01
   2.5960000e+01   2.1853174e+01   2.1978174e+01
   2.6770000e+01   2.1777734e+01   2.3783594e+01
   2.7815000e+01   2.2387354e+01   2.1359766e+01
   2.7720000e+01   2.2801416e+01   2.2463770e+01
   2.7885000e+01   2.2479395e+01   2.3465234e+01
   2.7600000e+01   2.3095850e+01   2.1143701e+01
   2.5980000e+01   2.3724268e+01   2.1020898e+01
   2.4150000e+01   2.5144678e+01   2.0126611e+01
   2.3935000e+01   2.5724756e+01   1.9759424e+01
   2.6030000e+01   2.7435693e+01   2.0184229e+01
   2.5675000e+01   2.7797021e+01   2.0762598e+01
   2.1890000e+01   2.4741846e+01   2.0923486e+01
   2.2795000e+01   2.4721582e+01   2.1697656e+01
   2.1035000e+01   2.5076563e+01   2.3317041e+01
   2.1085000e+01   2.4951318e+01   2.0529688e+01
   2.2985000e+01   2.5046045e+01   2.1385400e+01
   2.4340000e+01   2.4378320e+01   2.1742578e+01
   2.4745000e+01   2.2323877e+01   2.3482324e+01
   2.4960000e+01   2.2399805e+01   2.3954004e+01
   2.4935000e+01   2.2939355e+01   2.3086084e+01
   2.6220000e+01   2.2421533e+01   1.9395166e+01
   2.7080000e+01   2.2079980e+01   1.9699365e+01
   2.7125000e+01   2.2039209e+01   2.1419824e+01
   2.4175000e+01   2.3163232e+01   2.4999658e+01
   2.6080000e+01   2.3512842e+01   2.6903955e+01
   2.7200000e+01   2.4348291e+01   2.6422998e+01
   2.7960000e+01   2.4893701e+01   2.6309717e+01
   2.6555000e+01   2.4491602e+01   2.6628320e+01
   2.6720000e+01   2.4933496e+01   2.1474756e+01
   2.6580000e+01   2.5586572e+01   2.5105371e+01
   2.8530000e+01   2.6453760e+01   2.3736475e+01
   2.6745000e+01   2.6461084e+01   2.2366357e+01
   2.7840000e+01   2.6820215e+01   2.1431055e+01
   2.2340000e+01   2.4413232e+01   2.0706445e+01
   2.3985000e+01   2.2737451e+01   2.0900537e+01
   2.6505000e+01   2.2294336e+01   2.1843896e+01
   2.6840000e+01   2.0909326e+01   2.4071436e+01
   2.5915000e+01   1.9415186e+01   2.4215234e+01
   2.5935000e+01   1.9963037e+01   2.4144922e+01
   2.4580000e+01   2.0294092e+01   2.4646631e+01
   2.3195000e+01   1.7733789e+01   2.5406641e+01
   2.4460000e+01   1.8358301e+01   2.5089990e+01
   2.7195000e+01   2.0118311e+01   2.5737207e+01
   2.8290000e+01   2.0877344e+01   2.6248926e+01
   3.0530000e+01   2.1220361e+01   2.6632471e+01
   3.0215000e+01   2.1136865e+01   2.5089990e+01
   2.9530000e+01   2.1712061e+01   2.2260400e+01
   2.8910000e+01   2.2454736e+01   2.3246973e+01
   2.9145000e+01   2.3274072e+01   2.0937158e+01
   2.9195000e+01   2.4276270e+01   2.3046777e+01
   2.9650000e+01   2.3804590e+01   2.2929346e+01
   2.9430000e+01   2.4027734e+01   2.2956201e+01
   2.9955000e+01   2.4703271e+01   2.4755518e+01
   2.9790000e+01   2.4663965e+01   2.4343408e+01
   2.9795000e+01   2.4647363e+01   2.4448633e+01
   2.5840000e+01   2.6731104e+01   2.3055566e+01
   2.6890000e+01   2.4345850e+01   2.1429346e+01
   2.8695000e+01   2.5714014e+01   1.9983789e+01
   2.6270000e+01   2.3749170e+01   2.0970117e+01
   2.5860000e+01   2.3258691e+01   2.1939600e+01
   2.6790000e+01   2.2898340e+01   2.0704492e+01
   2.6815000e+01   2.3044580e+01   2.2522363e+01
   2.7650000e+01   2.1631982e+01   2.4042871e+01
   2.7720000e+01   2.4490137e+01   2.0527734e+01
   2.7220000e+01   2.4343652e+01   2.2175928e+01
   2.5005000e+01   2.1750635e+01   2.1380029e+01
   2.6840000e+01   2.2224512e+01   2.5441797e+01
   2.6155000e+01   1.7549219e+01   2.2528223e+01
   2.7030000e+01   1.8082666e+01   1.7533838e+01
   2.7030000e+01   1.7423975e+01   1.7829248e+01
   2.5530000e+01   1.7056543e+01   1.9019189e+01
   2.3365000e+01   1.6211328e+01   2.0078027e+01
   1.7295000e+01   1.7876367e+01   2.1304834e+01
   1.8915000e+01   1.8976709e+01   2.3200586e+01
   1.9370000e+01   2.0086572e+01   2.0574609e+01
   1.8365000e+01   2.0470117e+01   2.0393945e+01
   1.9295000e+01   2.0667139e+01   1.9567285e+01
   2.2200000e+01   2.1624414e+01   2.2778955e+01
   2.1365000e+01   1.9231836e+01   2.0007715e+01
   1.8750000e+01   1.7428857e+01   1.6935449e+01
   1.6370000e+01   1.8436670e+01   1.6297266e+01
   2.0770000e+01   1.9230859e+01   1.6775049e+01
   1.9825000e+01   1.9555811e+01   1.8935693e+01
   1.8875000e+01   2.0139551e+01   2.0129541e+01
   1.8935000e+01   2.0365381e+01   2.0184961e+01
   1.7890000e+01   2.0254053e+01   1.9081934e+01
   1.9275000e+01   1.7495996e+01   2.1299463e+01
   1.8245000e+01   1.7532861e+01   2.0299707e+01
   2.0200000e+01   1.6170068e+01   1.8816064e+01
   2.0105000e+01   1.4662012e+01   2.0662744e+01
   2.0910000e+01   1.3640283e+01   1.8531885e+01
   2.1505000e+01   1.2670068e+01   1.7136133e+01
   2.1435000e+01   1.3557031e+01   1.8257471e+01
   2.1125000e+01   1.3821680e+01   1.9583398e+01
   1.9485000e+01   1.5437402e+01   1.9381982e+01
   1.7605000e+01   1.2562158e+01   1.5361719e+01
   1.6245000e+01   1.2540186e+01   1.4494531e+01
   1.5630000e+01   1.2448877e+01   1.5227197e+01
   1.5920000e+01   1.4242822e+01   1.5629053e+01
   1.5560000e+01   1.5391016e+01   1.6375635e+01
   1.7750000e+01   1.6013330e+01   1.6449854e+01
   1.8300000e+01   1.4256738e+01   1.9396631e+01
   1.5465000e+01   1.4886865e+01   1.6201074e+01
   1.8815000e+01   1.5214746e+01   1.3099268e+01
   1.9365000e+01   1.6316553e+01   1.1686182e+01
   1.9700000e+01   1.5494043e+01   1.3726221e+01
   1.1585000e+01   1.3751367e+01   1.8148096e+01
   1.3150000e+01   1.4013818e+01   1.5711328e+01
   1.2870000e+01   1.5995996e+01   1.3370020e+01
   1.5630000e+01   1.5305566e+01   1.1907129e+01
   1.6820000e+01   1.4964014e+01   1.3700342e+01
   1.6105000e+01   1.6893213e+01   1.4431665e+01
   1.5990000e+01   1.3747583e+01   1.5487207e+01
   1.8340000e+01   1.1529260e+01   1.7519434e+01
   1.8010000e+01   1.5015283e+01   1.7210107e+01
   1.3060000e+01   1.3617822e+01   1.7090234e+01
   1.1225000e+01   1.3790033e+01   1.3280420e+01
   1.0560000e+01   1.4809900e+01   1.1894067e+01
   8.5100000e+00   1.1718591e+01   1.1218652e+01
   6.4200000e+00   9.1778198e+00   1.2121729e+01
   1.1510000e+01   7.4444824e+00   1.1975244e+01
   8.8450000e+00   7.3584839e+00   9.5025879e+00
   1.2440000e+01   7.1001831e+00   1.1721826e+01
   1.1870000e+01   5.0315186e+00   1.4672021e+01
   8.4900000e+00   8.9177490e+00   8.7010742e+00
   6.8950000e+00   7.3532349e+00   8.4640137e+00
   6.3000000e+00   6.3831421e+00   8.4625488e+00
   4.1650000e+00   5.2585693e+00   8.1065308e+00
   6.0850000e+00   4.9889160e+00   7.5260254e+00
   6.0150000e+00   1.0037805e+01   5.5709473e+00
   6.0150000e+00   7.4803711e+00   6.2545410e+00
   6.5650000e+00   1.1504236e+01   7.8111816e+00
   7.3750000e+00   1.4533533e+01   8.8717285e+00
   9.4900000e+00   1.2910394e+01   8.7298828e+00
   1.1870000e+01   1.0121912e+01   6.4410645e+00
   9.7050000e+00   9.6329285e+00   7.9627930e+00
   8.6050000e+00   1.1293481e+01   4.9103027e+00
   9.2950000e+00   1.3637445e+01   4.0042969e+00
   9.4400000e+00   1.2093591e+01   4.9029785e+00
   8.9400000e+00   1.1498621e+01   7.1814819e+00
   6.3000000e+00   1.2248956e+01   1.1334131e+01
   7.8000000e+00   1.2594751e+01   6.4498535e+00
   8.6550000e+00   1.1487268e+01   9.0147949e+00
   7.6350000e+00   7.3554321e+00   1.0699609e+01
   6.1550000e+00   5.3992859e+00   1.0003320e+01
   6.5850000e+00   7.7227417e+00   9.2553345e+00
   4.7800000e+00   9.4722534e+00   9.9771057e+00
   7.1800000e+00   1.3189783e+01   1.0059930e+01
   7.3500000e+00   1.2174341e+01   1.1175714e+01
   7.7550000e+00   9.4944702e+00   7.0703674e+00
   6.9900000e+00   9.8864380e+00   1.0798364e+01
   7.1550000e+00   1.1842493e+01   1.0412927e+01
   7.4200000e+00   9.6548096e+00   5.2097412e+00
   8.8900000e+00   4.4798523e+00   7.5868164e+00
   9.2300000e+00   4.1512695e+00   1.4589838e+01
   9.7950000e+00   3.5075928e+00   9.4135986e+00
   1.0800000e+01   3.8451782e+00   1.0071924e+01
   1.0730000e+01   5.8872009e+00   7.0047241e+00
   1.0370000e+01   5.8546082e+00   4.8385254e+00
   9.9400000e+00   3.8050171e+00   5.9640747e+00
   8.2750000e+00   2.5153442e+00   1.0620691e+01
   6.9900000e+00   3.0715332e-01   7.2526794e+00
   3.9200000e+00  -4.6964111e-01   1.3226617e+01
   7.3000000e+00  -2.3291016e-02   1.0747705e+01
   1.0470000e+01   9.4323730e-02   5.3945557e+00
   1.1130000e+01   2.0628906e+00   6.9045044e+00
   9.9900000e+00   4.4522949e+00   6.4621216e+00
   7.5850000e+00   8.0974670e+00   7.8207031e+00
   8.4650000e+00   5.6082397e+00   9.3181396e+00
   3.3550000e+00   1.2054437e+01   5.2632690e+00
   1.9500000e+00   1.1027582e+01   2.5136963e+00
   1.2850000e+00   8.4611450e+00   2.5882507e+00
   1.0900000e+00   5.0076538e+00   5.6417175e+00
   4.7800000e+00   5.8609863e+00   1.0864404e+01
   5.9500000e+00   6.5714355e+00   4.8026978e+00
   3.7800000e+00   8.0439697e+00   3.8138672e+00
   5.2350000e+00   4.5685059e+00   3.6792236e+00
   5.8050000e+00   8.6357666e+00   5.6842590e+00
   4.3750000e+00   7.6041504e+00   2.8373352e+00
   1.0700000e+00   6.2088867e+00   2.9748535e-02
   2.9900000e+00   6.4898926e+00   3.0681763e-01
   1.3800000e+00   7.0981079e+00   1.4919983e+00
   6.8500000e-01   4.5160156e+00   3.8831421e+00
   2.7750000e+00   3.4609375e-01   8.1296021e+00
   1.5450000e+00  -1.0914062e+00   7.1186768e+00
   1.1400000e+00  -2.2966675e+00   5.8442017e+00
  -9.0500000e-01  -1.3149170e+00   4.2247559e+00
  -1.4100000e+00  -6.7628845e+00   4.9428955e+00
  -1.0000000e-01  -3.6072754e+00   5.9782349e+00
  -4.0500000e-01  -2.0893921e+00   6.3207642e+00
   1.8250000e+00  -3.4234070e+00   4.9541870e+00
   1.9700000e+00   1.8204590e+00   4.1617981e+00
   3.9650000e+00   2.5104309e+00   4.2218872e+00
   4.8000000e+00   1.8258301e+00   7.4282166e+00
   1.6650000e+00   6.4087158e+00   8.6620728e+00
   3.2750000e+00   5.6754395e+00   9.5411011e+00
   2.7350000e+00   5.5932251e+00   4.3974243e+00
  -6.2000000e-01   7.2321411e+00   5.7023560e+00
   3.8000000e-01   9.2713257e+00   8.5154053e+00
   6.8500000e-01   8.9211060e+00   3.3218323e+00
   1.1150000e+00   6.3284241e+00   2.3232666e+00
   3.3750000e+00   2.9204346e+00   2.5749146e+00
   2.5400000e+00  -9.0708008e-01   5.4694458e+00
   1.6150000e+00  -5.9982910e-01   4.3680664e+00
   1.5450000e+00   3.2857666e-01   2.7390686e+00
   3.8550000e+00   1.7475525e+00   3.6994263e+00
   4.0300000e+00   2.4706665e+00   3.3810059e+00
   4.0950000e+00   3.1055542e+00   4.3384033e+00
   5.9600000e+00   1.9476563e+00   4.9475342e+00
   3.9200000e+00   7.9998169e-01   6.2282349e+00
   3.2000000e+00   7.0189819e-01   3.7046753e+00
   2.0100000e+00  -4.6671143e-01   3.8481689e+00
   4.1700000e+00  -6.6669312e-01   4.6144348e+00
   4.9750000e+00  -5.8920654e+00   5.6776978e+00
   2.4850000e+00  -5.5466675e+00   5.2417847e+00
   2.4950000e+00  -2.6761841e+00   1.9275757e+00
   7.6000000e-01  -1.4256042e+00   4.1580444e+00
   7.9000000e-01  -2.9552979e+00   3.4122559e+00
   1.8900000e+00  -4.0002808e+00   4.6988159e+00
  -1.8550000e+00  -3.1700195e+00   3.7566772e+00
   7.0500000e-01  -1.6534180e+00   5.6297241e+00
   1.9000000e-01   1.7661377e+00   6.6046387e+00
  -1.3350000e+00   4.9244324e+00   1.0187128e+01
   5.8000000e-01   5.8193909e+00   1.0910303e+01
   6.9500000e-01   2.8414551e+00   7.5236145e+00
   4.2650000e+00   3.5396973e+00   4.7514282e+00
   6.3950000e+00   6.1418701e+00   5.9479004e+00
   4.4850000e+00   6.9289795e+00   1.7984558e+00
   6.0150000e+00   3.4011780e+00   1.4481445e+00
   6.2700000e+00   2.4644104e+00   1.3776489e+00
   6.7450000e+00   3.4697510e+00   1.8227783e+00
   3.5900000e+00   4.7331482e+00   4.7267090e+00
   6.4000000e+00   4.4672791e+00   1.8050476e+00
   7.6400000e+00   2.7768188e+00   1.3966309e+00
   4.4050000e+00   2.2654663e+00   2.0794922e+00
   5.8800000e+00   3.1846252e+00   3.8536926e+00
   4.9750000e+00   3.0766541e+00   2.0464722e+00
   3.7150000e+00   9.9535522e-01   3.4109741e+00
   4.0000000e+00   3.0319458e+00   4.2659546e+00
   5.8200000e+00   5.4897095e+00   3.9389587e+00
   3.6600000e+00   3.3474060e+00   5.4860168e+00
   5.5450000e+00   2.2643066e+00   8.4355713e+00
   5.0100000e+00   2.1413208e+00   8.4742981e+00
   1.4400000e+00   2.4645630e+00   5.5290771e+00
   9.2500000e-01   1.6135498e+00   7.1697632e+00
   9.7000000e-01   1.3279663e+00   9.7197510e+00
   2.3850000e+00   1.1267944e+00   9.9884583e+00
   4.6400000e+00   1.7594238e+00   2.7816406e+00
   2.3850000e+00   3.0114075e+00   4.6952148e+00
   7.4500000e-01   5.8808838e+00   5.6939941e+00
   2.9850000e+00   3.1726929e+00   7.9139648e+00
   7.7500000e-01   2.2849365e+00   5.8134094e+00
  -5.5000000e-02   2.0260254e+00   7.7540833e+00
   3.1950000e+00   1.4406372e+00   9.1834961e+00
   2.3500000e+00   9.0529785e-01   8.3688599e+00
   2.0200000e+00   2.1919189e+00   3.3265015e+00
   3.9300000e+00   3.6494080e+00   6.3843628e+00
   5.1650000e+00   3.1000000e+00   8.2421814e+00
   5.8200000e+00   3.3600098e+00   8.6305176e+00
   3.2900000e+00   3.5168396e+00   7.1520020e+00
   2.2200000e+00   4.8770996e+00   2.2854248e+00
   3.8400000e+00   4.6371094e+00   3.1768433e+00
   4.9000000e+00   6.4958130e+00   5.8098389e+00
   1.7000000e+00   9.3480469e+00   8.8263794e+00
   1.9950000e+00   1.0388818e+01   6.7862793e+00
   5.8300000e+00   6.5893188e+00   4.9464355e+00
   9.2050000e+00   4.9903809e+00   5.4173218e+00
   8.7550000e+00   6.6205688e+00   4.6834961e+00
   1.0370000e+01   7.2559448e+00   3.1329285e+00
   1.1375000e+01   5.1103149e+00   3.8259216e+00
   1.2380000e+01   3.1751648e+00   6.6215454e+00
   1.3275000e+01   1.7163635e+00   3.0138794e+00
   1.1685000e+01   2.9156738e+00   2.5979858e+00
   1.2190000e+01   4.1468750e+00   1.9382568e+00
   1.2595000e+01   3.2862793e+00   2.1823364e+00
   1.3235000e+01   2.9847961e+00   2.0775085e+00
   6.0400000e+00   3.5890747e+00   3.4771362e+00
   8.9650000e+00   2.7799927e+00   4.6015259e+00
   9.7050000e+00   3.6565186e+00   4.9973999e+00
   8.6150000e+00   4.4554077e+00   6.6512695e+00
   7.9200000e+00   7.3830200e+00   7.3526245e+00
   8.6750000e+00   1.4015375e+01   7.6694580e+00
   8.8400000e+00   1.3493066e+01   8.5449463e+00
   8.0200000e+00   1.3913599e+01   9.9392334e+00
   1.1090000e+01   1.3225122e+01   1.1794946e+01
   1.0730000e+01   1.1088281e+01   9.4168335e+00
   1.3460000e+01   1.0231165e+01   9.7738892e+00
   1.3895000e+01   8.9008423e+00   7.2168213e+00
   1.3270000e+01   9.0619141e+00   6.7140137e+00
   1.3580000e+01   1.2003381e+01   7.9185425e+00
   1.2650000e+01   1.1457483e+01   9.2914673e+00
   1.1775000e+01   1.2128564e+01   9.2156921e+00
   9.8200000e+00   1.2006006e+01   9.2248169e+00
   6.3000000e+00   1.1499109e+01   8.8441406e+00
   8.9150000e+00   9.8536621e+00   1.0518793e+01
   9.4850000e+00   9.1711670e+00   1.1788721e+01
   9.3450000e+00   8.9190002e+00   1.1690576e+01
   1.0250000e+01   1.0945642e+01   1.1295129e+01
   1.3155000e+01   1.2635950e+01   1.1268671e+01
   1.2080000e+01   1.2296289e+01   1.2513666e+01
   1.0175000e+01   1.1483667e+01   1.1923303e+01
   1.3155000e+01   1.1384241e+01   1.2435907e+01
   1.4675000e+01   1.2059595e+01   1.2851831e+01
   9.8250000e+00   1.4157495e+01   1.2902185e+01
   1.4060000e+01   1.3375085e+01   1.1547357e+01
   1.4630000e+01   1.4493738e+01   1.1422571e+01
   1.6485000e+01   1.3999963e+01   1.3359766e+01
   1.7650000e+01   1.1366174e+01   1.4686548e+01
   1.8535000e+01   1.4350580e+01   1.5175439e+01
   1.4420000e+01   1.1978235e+01   1.6338403e+01
   1.3440000e+01   6.4447266e+00   1.6603845e+01
   1.5175000e+01   8.9494568e+00   1.5931360e+01
   1.7080000e+01   1.1089624e+01   1.6283350e+01
   1.5270000e+01   1.1996332e+01   1.3070856e+01
   1.3630000e+01   1.3084802e+01   1.2841699e+01
   1.5055000e+01   1.3740839e+01   1.2368555e+01
   1.5485000e+01   1.2209985e+01   1.2562891e+01
   1.1940000e+01   1.1176355e+01   1.1923975e+01
   1.2845000e+01   1.3002832e+01   1.2586084e+01
   1.4245000e+01   1.1652307e+01   1.4680566e+01
   1.1345000e+01   1.3778650e+01   1.4914880e+01
   1.2085000e+01   1.5790674e+01   1.4331934e+01
   1.3010000e+01   1.5004297e+01   1.5268701e+01
   1.3560000e+01   1.4684717e+01   1.7029443e+01
   1.4300000e+01   1.6428857e+01   1.7911035e+01
   1.7915000e+01   1.7861719e+01   1.9179590e+01
   1.6605000e+01   1.5672021e+01   1.6908350e+01
   1.6035000e+01   1.3678125e+01   1.9882227e+01
   1.7510000e+01   1.5469141e+01   1.7411523e+01
   1.8605000e+01   1.5548242e+01   1.7618555e+01
   1.9060000e+01   1.4501123e+01   1.7403955e+01
   1.7650000e+01   1.6318994e+01   1.7902490e+01
   1.8415000e+01   1.6759180e+01   1.7767236e+01
   2.0125000e+01   1.6084375e+01   1.8748193e+01
   2.0460000e+01   1.4810938e+01   1.6453027e+01
   2.0295000e+01   1.4622461e+01   1.7065088e+01
   1.8725000e+01   1.5312891e+01   1.8546533e+01
   1.7225000e+01   1.6422021e+01   1.9743799e+01
   1.6010000e+01   1.5635156e+01   2.1529199e+01
   1.5700000e+01   1.4131494e+01   2.0884424e+01
   1.7510000e+01   1.5431299e+01   1.8824365e+01
   1.9080000e+01   1.5657617e+01   1.8484766e+01
   1.8415000e+01   1.4658350e+01   1.9733057e+01
   1.7365000e+01   1.4135400e+01   2.1468652e+01
   1.9010000e+01   1.4502832e+01   2.2166406e+01
   1.8820000e+01   1.5296045e+01   1.9722559e+01
   1.8795000e+01   1.5022852e+01   2.0557275e+01
   1.8870000e+01   1.4974756e+01   2.1649072e+01
   2.1055000e+01   1.4357324e+01   2.0886133e+01
   2.0435000e+01   1.4762842e+01   1.6091943e+01
   2.0580000e+01   1.5189844e+01   1.8141992e+01
   1.9675000e+01   1.5783105e+01   1.9106104e+01
   2.0840000e+01   1.7159082e+01   1.7646631e+01
   2.2460000e+01   1.6614648e+01   1.8818994e+01
   2.4480000e+01   1.5856592e+01   1.7219385e+01
   2.4865000e+01   1.7094629e+01   1.8595361e+01
   2.3580000e+01   1.8526758e+01   1.9423486e+01
   2.3910000e+01   1.6592676e+01   1.9262109e+01
   1.8960000e+01   1.7409570e+01   1.8554102e+01
   1.9985000e+01   1.6386865e+01   1.9044336e+01
   2.1080000e+01   1.6754541e+01   1.8447900e+01
   2.4270000e+01   1.7580225e+01   1.9102441e+01
   2.1675000e+01   1.8788477e+01   2.1537500e+01
   2.3580000e+01   1.9554590e+01   2.3412256e+01
   2.2055000e+01   2.0267969e+01   2.3516016e+01
   1.7650000e+01   2.0851465e+01   1.9484521e+01
   1.9200000e+01   1.9747949e+01   2.1330713e+01
   2.0935000e+01   1.9768945e+01   2.0422266e+01
   2.2055000e+01   2.0189355e+01   1.9761133e+01
   2.3290000e+01   2.2161279e+01   2.1689355e+01
   2.4480000e+01   2.2305322e+01   2.2372461e+01
   2.3840000e+01   2.1274805e+01   2.2217432e+01
   2.4720000e+01   2.0820215e+01   2.2480371e+01
   2.5625000e+01   1.8559473e+01   2.3877588e+01
   2.6080000e+01   1.7307520e+01   2.4205713e+01
   2.4510000e+01   1.8305322e+01   2.1381982e+01
   2.5295000e+01   1.7707178e+01   2.0731348e+01
   2.5390000e+01   1.8209131e+01   2.1755518e+01
   2.2340000e+01   2.1299219e+01   2.4194971e+01
   2.3625000e+01   2.1380273e+01   2.5713037e+01
   2.4770000e+01   2.1606592e+01   2.7297510e+01
   2.4030000e+01   2.1755273e+01   2.7573877e+01
   2.4130000e+01   2.1782129e+01   2.7001367e+01
   2.3940000e+01   2.2884912e+01   2.6994043e+01
   2.3155000e+01   2.1367334e+01   2.5468408e+01
   2.1895000e+01   2.0275293e+01   2.4086328e+01
   2.1060000e+01   2.1420801e+01   2.3617090e+01
   1.8610000e+01   2.3577539e+01   2.3617578e+01
   1.9465000e+01   2.4016748e+01   2.4173486e+01
   2.1110000e+01   2.3811182e+01   2.5203516e+01
   2.2535000e+01   2.2773584e+01   2.5102441e+01
   2.3470000e+01   2.3277002e+01   2.4709863e+01
   2.4155000e+01   2.2489160e+01   2.5854395e+01
   2.5135000e+01   1.9258203e+01   2.8107568e+01
   2.5795000e+01   2.1154688e+01   2.8110010e+01
   2.6130000e+01   2.2501123e+01   2.5904688e+01
   2.6250000e+01   2.1381738e+01   2.5741357e+01
   2.6845000e+01   2.1981836e+01   2.5800684e+01
   2.7325000e+01   2.1589746e+01   2.6482080e+01
   2.1750000e+01   2.0631250e+01   2.7102686e+01
   2.5110000e+01   2.4022363e+01   2.7884668e+01
   2.5205000e+01   2.3446680e+01   2.8265039e+01
   2.3255000e+01   2.4736475e+01   2.7443750e+01
   2.2395000e+01   2.5457178e+01   2.7392480e+01
   2.4350000e+01   2.6095605e+01   2.7790186e+01
   2.4230000e+01   2.7281396e+01   2.7748438e+01
   2.5510000e+01   2.7363184e+01   2.8845361e+01
   2.6490000e+01   2.0853174e+01   2.7341699e+01
   2.6105000e+01   1.8915186e+01   2.4366602e+01
   2.6370000e+01   1.8255518e+01   2.5492822e+01
   2.4940000e+01   1.8000635e+01   2.6511621e+01
   2.4945000e+01   2.0416650e+01   2.6850000e+01
   2.4610000e+01   2.1775781e+01   2.6700586e+01
   2.5325000e+01   2.0601465e+01   2.4680566e+01
   2.4395000e+01   2.0390527e+01   2.1937646e+01
   2.3395000e+01   1.9895898e+01   2.3610498e+01
   2.4440000e+01   2.0705957e+01   2.3749902e+01
   2.6700000e+01   2.2474512e+01   2.4997949e+01
   2.6560000e+01   2.2293359e+01   2.6147363e+01
   2.5370000e+01   2.3202783e+01   2.7520898e+01
   2.2895000e+01   2.4002344e+01   2.8122461e+01
   2.2775000e+01   2.4025781e+01   2.9098291e+01
   2.4060000e+01   2.3397363e+01   2.9942529e+01
   2.4345000e+01   2.0788477e+01   2.9691797e+01
   2.5775000e+01   2.0679834e+01   2.9470117e+01
   2.5990000e+01   2.1395898e+01   2.8143945e+01
   2.5725000e+01   2.1000146e+01   2.6867822e+01
   2.2395000e+01   1.9899316e+01   2.6079004e+01
   2.0610000e+01   2.0085596e+01   2.2841455e+01
   2.2395000e+01   2.1669824e+01   1.9689600e+01
   2.2655000e+01   2.1296289e+01   1.9505762e+01
   2.4130000e+01   1.9617090e+01   1.9316309e+01
   2.3465000e+01   1.6821924e+01   1.8519189e+01
   2.1250000e+01   1.7053613e+01   2.2087061e+01
   2.1965000e+01   1.6245996e+01   2.3279199e+01
   2.2965000e+01   1.9595850e+01   2.3354639e+01
   2.3725000e+01   1.9552637e+01   2.1468652e+01
   2.4775000e+01   1.7929346e+01   2.2454492e+01
   2.2085000e+01   1.5769922e+01   2.1318018e+01
   2.2630000e+01   1.3990137e+01   2.0729395e+01
   2.4110000e+01   1.5359033e+01   2.1074854e+01
   2.5870000e+01   1.5212061e+01   2.1312891e+01
   2.4775000e+01   1.7087793e+01   1.8373682e+01
   2.3250000e+01   1.4996729e+01   1.8184473e+01
   2.2110000e+01   1.5033105e+01   1.9565332e+01
   2.2635000e+01   1.5302393e+01   1.6994043e+01
   2.2705000e+01   1.6060205e+01   1.6295068e+01
   2.2415000e+01   1.5425684e+01   1.9529932e+01
   2.1875000e+01   1.5189600e+01   2.0010156e+01
   1.9560000e+01   1.6496484e+01   2.0352441e+01
   1.9780000e+01   1.6931299e+01   2.0464258e+01
   1.8420000e+01   1.6898096e+01   2.0250635e+01
   1.9965000e+01   1.7816797e+01   1.7992090e+01
   1.7730000e+01   1.9327051e+01   1.9669580e+01
   1.9660000e+01   1.9884912e+01   1.6784814e+01
   1.9345000e+01   1.7443262e+01   1.8975977e+01
   1.9110000e+01   1.7209863e+01   2.1684961e+01
   2.0515000e+01   1.7620508e+01   2.2064111e+01
   1.9945000e+01   1.5005029e+01   2.1289941e+01
   1.9610000e+01   1.4850732e+01   2.1868555e+01
   2.1015000e+01   1.4725244e+01   1.8523828e+01
   1.7610000e+01   1.4303186e+01   1.7436670e+01
   1.5705000e+01   1.4106104e+01   1.6788232e+01
   1.5660000e+01   1.2662012e+01   1.7558496e+01
   1.6040000e+01   1.3972803e+01   1.4690332e+01
   1.5800000e+01   1.4568750e+01   1.7100732e+01
   1.5920000e+01   1.2753809e+01   1.7611475e+01
   1.7465000e+01   1.1810938e+01   1.6824609e+01
   1.9345000e+01   1.2010400e+01   1.4804834e+01
   1.8445000e+01   1.0464502e+01   1.4900110e+01
   2.0705000e+01   9.3724609e+00   1.5775781e+01
   1.9135000e+01   9.2730957e+00   1.5611475e+01
   1.9495000e+01   8.5309082e+00   1.5245752e+01
   1.9845000e+01   7.4276367e+00   1.5435205e+01
   1.9155000e+01   8.3861328e+00   1.5948450e+01
   2.1015000e+01   7.9669434e+00   1.6930078e+01
   1.9655000e+01   9.7359863e+00   1.7333887e+01
   1.7995000e+01   1.1063135e+01   1.6170313e+01
   1.4920000e+01   1.1722314e+01   1.5059717e+01
   1.2135000e+01   1.0694482e+01   1.6909570e+01
   1.1805000e+01   1.0416406e+01   1.6341455e+01
   9.8750000e+00   1.0405298e+01   1.7756006e+01
   1.1565000e+01   1.2361963e+01   1.7552393e+01
   1.2615000e+01   1.4969629e+01   1.7846826e+01
   1.2805000e+01   1.2201044e+01   1.5272607e+01
   1.0045000e+01   1.4117822e+01   1.3294580e+01
   1.1755000e+01   1.4568262e+01   1.4206934e+01
   1.1995000e+01   1.2816583e+01   1.6081445e+01
   1.3825000e+01   9.9671265e+00   1.5556055e+01
   1.5420000e+01   1.0538477e+01   1.3756982e+01
   1.6870000e+01   1.4171533e+01   1.1747461e+01
   1.5900000e+01   1.5560632e+01   1.2271875e+01
   1.5325000e+01   1.5670190e+01   1.2611292e+01
   1.6875000e+01   1.3120081e+01   1.0190332e+01
   1.4565000e+01   1.0781305e+01   9.9845215e+00
   1.3590000e+01   1.2741113e+01   1.0418115e+01
   1.2590000e+01   1.2698145e+01   1.1869043e+01
   1.4980000e+01   9.8199707e+00   1.1820154e+01
   1.4920000e+01   6.9147583e+00   1.1960107e+01
   1.5325000e+01   1.2339197e+01   1.1349084e+01
   1.8070000e+01   1.1684106e+01   9.7457214e+00
   1.8600000e+01   1.3455957e+01   1.0017786e+01
   1.6955000e+01   1.6657159e+01   1.0055780e+01
   1.5155000e+01   1.3039575e+01   1.0133295e+01
   1.1730000e+01   1.5107202e+01   9.8607422e+00
   1.0020000e+01   1.9056665e+01   1.0975732e+01
   7.0700000e+00   1.7286798e+01   9.8706604e+00
   4.7150000e+00   1.3531244e+01   1.0471582e+01
   5.4100000e+00   9.4147278e+00   9.0187012e+00
   6.7450000e+00   6.6925293e+00   8.1688477e+00
   9.7700000e+00   1.3144434e+01   7.6385742e+00
   1.0115000e+01   6.9891602e+00   8.2733398e+00
   7.1950000e+00   5.1077209e+00   1.1336694e+01
   4.9800000e+00   5.4068848e+00   1.0595361e+01
   5.1300000e+00   3.2617432e+00   9.8790527e+00
   5.4300000e+00   2.9938599e+00   9.2940918e+00
   6.8350000e+00   3.2440430e+00   1.2134576e+01
   1.0090000e+01   3.6241699e+00   1.1865991e+01
   6.4050000e+00   1.0572144e+00   1.0487695e+01
   3.5250000e+00   5.9810791e-01   1.0191553e+01
   3.8850000e+00   6.7531738e-01   1.0943719e+01
   7.6400000e+00   2.0562378e+00   1.2335168e+01
   5.5750000e+00   2.6827332e+00   9.7915283e+00
   5.1650000e+00   3.6422119e-01   8.8145081e+00
   4.6450000e+00   2.2309204e+00   8.3333374e+00
   6.4500000e+00   6.0552307e+00   1.1501825e+01
   2.7200000e+00   6.9881531e+00   1.0137720e+01
   6.1400000e+00   2.9175049e+00   9.6727539e+00
   9.0400000e+00   1.2774292e+00   8.9317261e+00
   5.5450000e+00   9.6041260e-01   7.0161987e+00
   6.7550000e+00   1.2231689e+00   6.6043335e+00
   5.8100000e+00   2.3652893e+00   6.3634277e+00
   6.0450000e+00   8.9821777e-01   3.7613770e+00
   7.6850000e+00  -8.5852661e-01   5.5945068e+00
   8.0650000e+00  -4.4858398e-01   1.3059045e+01
   8.3500000e+00   2.6911255e+00   9.0299316e+00
   5.4050000e+00   1.9858643e+00   3.8907715e+00
   8.0450000e+00   1.3472900e-01   5.6680542e+00
   6.2400000e+00   2.6188599e+00   8.6374756e+00
   3.7900000e+00   4.3129517e+00   9.4719482e+00
   4.4800000e+00   3.8929688e+00   1.0139490e+01
   2.7900000e+00   4.4770752e+00   6.1231018e+00
   2.4100000e+00   4.3191162e+00   4.6607910e+00
   1.3150000e+00   7.7026306e+00   6.5608154e+00
   2.9750000e+00   7.5537048e+00   1.0940149e+01
   3.6850000e+00   6.6724182e+00   6.5358826e+00
   5.8350000e+00   5.1263062e+00   5.1667725e+00
   9.0500000e-01   8.6107422e+00   1.9162842e+00
   3.3600000e+00   6.2569519e+00   2.7865845e+00
   1.7200000e+00   4.2328735e+00   3.4913574e+00
  -7.3500000e-01   5.7813660e+00   5.7253967e+00
  -3.5500000e-01   1.0988489e+01   3.4883057e+00
  -1.1850000e+00   1.0244104e+01   2.6299988e+00
   2.0700000e+00   7.6871277e+00   2.0929810e+00
   2.0200000e+00   3.5124146e+00   7.8028809e+00
   4.4000000e+00   4.6626831e+00   7.4383789e+00
   5.5450000e+00   7.9064575e+00   4.4668823e+00
   4.4950000e+00   7.8022095e+00   6.9251038e+00
   4.2900000e+00   7.2989746e+00   5.1950317e+00
   2.5050000e+00   8.9766846e-01   6.7412964e+00
   3.0750000e+00  -1.0651611e+00   1.9617249e+00
   2.5500000e+00   2.8709351e+00   2.0161987e+00
   3.8600000e+00   5.1172119e+00  -1.7020264e-01
   4.2650000e+00   3.2221313e+00  -4.6030273e-01
   5.4350000e+00   5.8419128e+00  -5.4379883e-01
  -8.7500000e-01   3.7599121e+00  -8.3750000e-01
   2.5500000e+00   1.1038843e+01  -9.8789062e-01
   4.1900000e+00   1.1246759e+01  -1.0696472e+00
   4.0000000e+00   8.5998169e+00  -1.1601929e+00
   5.1200000e+00   5.8438660e+00  -1.1129517e+00
   2.2400000e+00   2.5887390e+00   9.8085938e-01
   1.0750000e+00   3.0534607e+00   3.7199646e+00
   6.7000000e-01   1.7518555e+00   4.4612366e+00
   1.0050000e+00   4.7518555e+00   6.2956787e+00
   1.7200000e+00   4.1507813e+00   3.1328979e+00
   2.2000000e-01   2.5166870e+00   3.4781738e+00
  -6.8500000e-01   1.4699036e+00   2.7557007e+00
  -4.7000000e-01   3.5049683e+00   2.9838501e+00
   6.7000000e-01   9.0102173e+00   1.8713623e+00
   7.3100000e+00   4.3719116e+00   1.9641968e+00
   4.5500000e+00   9.3738037e+00   3.0423218e+00
   5.0500000e-01   1.0112939e+01   3.8295227e+00
   1.0050000e+00   6.9788452e+00   6.1439148e+00
   2.2900000e+00   1.1866083e+01   8.3396240e+00
   9.3500000e-01   1.2385400e+01   1.1698572e+01
   4.3500000e-01   1.0436456e+01   1.1451044e+01
  -7.8500000e-01   7.7686707e+00   8.1207520e+00
  -1.1150000e+00   1.6932617e+00   9.3851563e+00
  -6.4000000e-01   1.4529358e+00   9.8602539e+00
  -2.1000000e-01   4.8458252e-01   8.9151855e+00
   5.6950000e+00  -4.5209351e-01   1.0624963e+01
   2.0750000e+00   2.8243408e-01   1.1005487e+01
   4.1950000e+00   6.1220703e-01   6.6423584e+00
   3.6000000e+00   8.2426086e+00   3.1773315e+00
   6.7000000e-01   5.8740784e+00   2.7080627e+00
   8.8500000e-01   1.0210443e+01   6.4087158e+00
  -8.2500000e-01   1.1284784e+01   9.6048218e+00
   1.7650000e+00   1.2096521e+01   1.0013116e+01
   1.6450000e+00   7.2502686e+00   6.7266479e+00
   2.6700000e+00   3.5441223e+00   5.9711548e+00
   5.3800000e+00   4.8337341e+00   6.5274292e+00
   5.8850000e+00   6.9946533e+00   9.8186890e+00
   8.8050000e+00   9.6559998e+00   7.8823486e+00
   6.7100000e+00   5.8905884e+00   9.0649658e+00
   4.3400000e+00   6.0308472e+00   1.1949426e+01
   7.4500000e-01   6.5161072e+00   1.0545648e+01
   1.6900000e+00   7.6545654e+00   8.8333374e+00
   3.0300000e+00   7.4568726e+00   1.0008325e+01
  -6.5000000e-02   7.2556396e+00   9.0922485e+00
   1.6850000e+00   8.6463867e+00   7.3559204e+00
   1.1200000e+00   5.1431519e+00   1.1331079e+01
   1.0250000e+00   7.3692871e+00   1.0553613e+01
   1.9550000e+00   6.2123047e+00   1.0310480e+01
   1.5000000e+00   2.3258606e+00   7.3271729e+00
   2.5250000e+00   7.4175659e+00   6.0958191e+00
   2.2900000e+00   9.5873657e+00   3.7209717e+00
   5.0000000e-02   8.7264648e+00   4.9533936e+00
  -1.3800000e+00   1.9155823e+00   3.5963379e+00
  -2.6600000e+00   2.1143738e+00   2.7995239e+00
  -1.4750000e+00   2.8515869e+00   2.0340820e+00
  -2.9250000e+00   9.1615845e+00   4.0827271e+00
  -2.3750000e+00   1.0081934e+01   2.4383179e+00
   7.2000000e-01   1.0503748e+01   1.0332886e+00
   9.1000000e-01   6.0620361e+00   1.0915161e+00
   1.9800000e+00   7.6711060e+00   1.8407227e+00
   3.8850000e+00   1.1348962e+01   3.1684814e+00
   6.7150000e+00   1.1759058e+01   9.0806213e+00
   6.5000000e+00   1.0944543e+01   8.0423218e+00
   5.1450000e+00   9.5734497e+00   3.0711914e+00
   7.6000000e+00   2.7286011e+00   1.2944580e+00
   7.4050000e+00   3.0865723e+00   5.7430420e-01
   7.1200000e+00   8.8487488e+00   9.4725952e-01
   1.0495000e+01   7.0967346e+00   2.0770508e+00
   1.1590000e+01   7.7988525e+00   3.2509094e+00
   1.1970000e+01   6.5696045e+00   4.7888428e+00
   1.3805000e+01   4.5548340e+00   5.7841431e+00
   1.6465000e+01   5.9446960e+00   1.0773218e+01
   1.1760000e+01   6.1463257e+00   1.0388696e+01
   1.0950000e+01   1.0210474e+01   1.0161310e+01
   1.0470000e+01   8.9289795e+00   8.7378784e+00
   1.4065000e+01   1.0072809e+01   7.4128052e+00
   1.1305000e+01   1.1125940e+01   7.3513428e+00
   1.4305000e+01   1.3264978e+01   2.4992310e+00
   1.3045000e+01   1.0574304e+01   1.3727966e+00
   1.2045000e+01   1.3510889e+01   1.6136719e+00
   1.6400000e+01   1.2256860e+01   2.5547729e+00
   1.3805000e+01   1.0701440e+01   4.7550903e+00
   1.4185000e+01   9.8692261e+00   7.8822876e+00
   1.5015000e+01   1.1312006e+01   8.5080811e+00
   1.1730000e+01   1.2333704e+01   9.3493286e+00
   1.0545000e+01   1.1985864e+01   9.3068481e+00
   9.9250000e+00   1.2340936e+01   9.2289673e+00
   1.0900000e+01   1.1391565e+01   1.0097101e+01
   1.1255000e+01   1.1060205e+01   1.0377832e+01
   1.1875000e+01   1.1627527e+01   1.0436304e+01
   1.2185000e+01   7.4865967e+00   1.0612878e+01
   1.1185000e+01   3.5581299e+00   1.1193414e+01
   1.0760000e+01   3.5515686e+00   1.4670129e+01
   9.8300000e+00   4.2192017e+00   1.4592249e+01
   8.9950000e+00   8.8084961e+00   1.3177820e+01
   8.8550000e+00   9.1618286e+00   1.3282800e+01
   1.3065000e+01   8.7077881e+00   1.3591455e+01
   1.3115000e+01   8.4118286e+00   1.4038263e+01
   1.4540000e+01   9.6158081e+00   1.5146875e+01
   9.7800000e+00   8.9258667e+00   1.1388605e+01
   1.1470000e+01   9.0018555e+00   8.0382324e+00
   1.3610000e+01   1.0489008e+01   8.0938965e+00
   1.1400000e+01   1.2113550e+01   7.1114746e+00
   1.1330000e+01   1.0302393e+01   9.9090820e+00
   1.2395000e+01   1.0520532e+01   1.0952997e+01
   1.2710000e+01   1.1562585e+01   1.1821436e+01
   1.1950000e+01   1.0664697e+01   1.1439600e+01
   1.1065000e+01   1.1090662e+01   1.1120996e+01
   1.3755000e+01   1.3371515e+01   1.3020898e+01
   1.5205000e+01   1.1909692e+01   1.3689996e+01
   1.5900000e+01   1.3183618e+01   1.4094995e+01
   1.6615000e+01   1.3476221e+01   1.2991357e+01
   1.9155000e+01   1.3073633e+01   1.3140039e+01
   1.8780000e+01   1.1249414e+01   1.3114893e+01
   1.9970000e+01   1.1783289e+01   1.0666650e+01
   2.0730000e+01   1.2428735e+01   1.1044824e+01
   2.0470000e+01   1.2258020e+01   1.3080713e+01
   1.9015000e+01   1.1406580e+01   1.4527734e+01
   1.7205000e+01   1.2349390e+01   1.4653955e+01
   1.6805000e+01   1.2820825e+01   1.5987451e+01
   1.6515000e+01   1.1534906e+01   1.7305444e+01
   1.8585000e+01   7.9964844e+00   1.7649805e+01
   1.6095000e+01   9.1792236e+00   1.8097070e+01
   1.2610000e+01   1.3440332e+01   1.8287256e+01
   1.5485000e+01   1.0707910e+01   1.6755518e+01
   1.5890000e+01   8.4972168e+00   1.5839746e+01
   1.7975000e+01   8.9173828e+00   1.5495996e+01
   1.6195000e+01   9.7528320e+00   1.5360254e+01
   1.6750000e+01   1.1230615e+01   1.5526270e+01
   1.7900000e+01   1.0808740e+01   1.3860254e+01
   1.8395000e+01   1.1721826e+01   1.2597559e+01
   1.5930000e+01   1.2923486e+01   1.3076563e+01
   1.7095000e+01   1.3260889e+01   1.4293848e+01
   1.7725000e+01   1.3416650e+01   1.3099512e+01
   1.9585000e+01   1.4455713e+01   1.3470117e+01
   2.0940000e+01   1.5855859e+01   1.6333154e+01
   1.5520000e+01   1.6554590e+01   1.8832422e+01
   1.8205000e+01   1.7731104e+01   1.8221582e+01
   1.9850000e+01   1.7630762e+01   1.8324854e+01
   2.1515000e+01   1.6826074e+01   1.6853906e+01
   2.3820000e+01   1.7743799e+01   1.3645898e+01
   2.3965000e+01   1.9679590e+01   1.2513574e+01
   2.5515000e+01   2.0471094e+01   1.4132471e+01
   2.4895000e+01   2.0235986e+01   1.5927393e+01
   2.3605000e+01   1.9661523e+01   2.0302393e+01
   2.1015000e+01   1.7854639e+01   1.7314844e+01
   2.0780000e+01   1.6825830e+01   1.5653955e+01
   2.1445000e+01   1.8134180e+01   1.5823389e+01
   2.2635000e+01   1.8253320e+01   1.6083643e+01
   2.3275000e+01   1.7289697e+01   1.6793604e+01
   2.1160000e+01   1.5451563e+01   1.6338525e+01
   2.1585000e+01   1.7289209e+01   1.5183740e+01
   1.6635000e+01   1.9202539e+01   1.6926172e+01
   1.6780000e+01   1.7781396e+01   1.6243555e+01
   1.6235000e+01   1.8743799e+01   1.6544092e+01
   1.7540000e+01   1.8329004e+01   1.7605859e+01
   2.0985000e+01   1.8454248e+01   1.9192285e+01
   2.0235000e+01   1.7814600e+01   2.0840967e+01
   1.8595000e+01   1.7482813e+01   2.1087305e+01
   2.2115000e+01   1.9245996e+01   1.9759668e+01
   2.3420000e+01   2.0425928e+01   1.9080957e+01
   2.5185000e+01   2.0543115e+01   2.1011377e+01
   2.5180000e+01   2.0799951e+01   2.2139795e+01
   2.5830000e+01   2.1542871e+01   2.2296533e+01
   2.5845000e+01   2.2410303e+01   2.1679346e+01
   2.6050000e+01   2.3463770e+01   2.1915430e+01
   2.6275000e+01   2.3647119e+01   2.0090723e+01
   2.6865000e+01   2.2896387e+01   2.1643945e+01
   2.6165000e+01   2.3136621e+01   2.2794824e+01
   2.6560000e+01   2.3491357e+01   2.2556055e+01
   2.6360000e+01   2.2192773e+01   2.0614893e+01
   2.8255000e+01   2.3390771e+01   2.0268945e+01
   2.8560000e+01   2.2285303e+01   2.1222803e+01
   2.7045000e+01   2.2782617e+01   1.9103174e+01
   2.5010000e+01   2.2395898e+01   1.8766504e+01
   2.3445000e+01   2.1777979e+01   1.8899072e+01
   2.3395000e+01   2.2211084e+01   2.0262109e+01
   2.3585000e+01   2.2193018e+01   2.1983057e+01
   2.5355000e+01   2.2686914e+01   2.4799463e+01
   2.1910000e+01   2.2585107e+01   2.6262109e+01
   2.0995000e+01   1.8900049e+01   2.1812158e+01
   2.1630000e+01   2.0434473e+01   2.1330713e+01
   2.1050000e+01   1.9051172e+01   2.0824121e+01
   1.9745000e+01   2.0398340e+01   2.0361230e+01
   2.0295000e+01   2.0352930e+01   2.0589746e+01
   2.2215000e+01   1.9155176e+01   2.0891992e+01
   2.4355000e+01   2.0251367e+01   2.3517480e+01
   2.4445000e+01   2.3503076e+01   2.3996729e+01
   2.5015000e+01   2.2456445e+01   2.3719629e+01
   2.4660000e+01   2.3783594e+01   2.4271875e+01
   2.5370000e+01   2.2877832e+01   2.5271143e+01
   2.5535000e+01   2.1814844e+01   2.4787744e+01
   2.3775000e+01   2.3488428e+01   2.4189111e+01
   2.3635000e+01   2.4256250e+01   2.7092188e+01
   2.4345000e+01   2.3450586e+01   2.7004053e+01
   2.4680000e+01   2.0180322e+01   2.6417871e+01
   2.3725000e+01   1.9137109e+01   2.6372217e+01
   2.1540000e+01   1.8617090e+01   2.6937158e+01
   2.3350000e+01   1.8091943e+01   2.7358789e+01
   2.4990000e+01   2.1336816e+01   2.9111475e+01
   2.5535000e+01   2.2291406e+01   2.9729639e+01
   2.7250000e+01   2.1175195e+01   2.9356592e+01
   2.7965000e+01   2.1263086e+01   2.9701563e+01
   2.7560000e+01   2.2474756e+01   2.6825830e+01
   2.7630000e+01   2.3820215e+01   2.5720117e+01
   2.6225000e+01   2.5180566e+01   2.7339746e+01
   2.4755000e+01   2.4904443e+01   2.7752832e+01
   2.2755000e+01   2.4755518e+01   2.8320703e+01
   2.2830000e+01   2.4328271e+01   2.7813867e+01
   2.2920000e+01   2.5339014e+01   2.7508936e+01
   2.0895000e+01   2.6141260e+01   2.4992090e+01
   2.0680000e+01   2.4237695e+01   2.3364648e+01
   2.0085000e+01   2.4904688e+01   2.3891016e+01
   1.9870000e+01   2.4755273e+01   2.5808008e+01
   2.0160000e+01   2.2807764e+01   2.6939600e+01
   2.0110000e+01   2.1116357e+01   2.6723779e+01
   2.2345000e+01   1.9884180e+01   2.6107568e+01
   2.2585000e+01   2.0977441e+01   2.5592920e+01
   2.3585000e+01   1.8877588e+01   2.7179590e+01
   2.2155000e+01   1.9746484e+01   2.6804346e+01
   2.0655000e+01   2.0898340e+01   2.1686670e+01
   1.9585000e+01   1.8562891e+01   2.2004053e+01
   2.2560000e+01   1.9632471e+01   2.1165430e+01
   2.2350000e+01   1.9390039e+01   1.9912988e+01
   2.4110000e+01   1.9759424e+01   2.0536035e+01
   2.1230000e+01   2.0200830e+01   1.9131006e+01
   1.9135000e+01   1.9060449e+01   2.0654688e+01
   1.7160000e+01   2.0533350e+01   2.3190332e+01
   2.1300000e+01   2.1935938e+01   2.5896143e+01
   2.2300000e+01   2.0139063e+01   2.6657861e+01
   2.2800000e+01   1.9897363e+01   2.0719873e+01
   2.3655000e+01   1.9146143e+01   2.3015527e+01
   2.1655000e+01   1.8137598e+01   2.2406396e+01
   2.1655000e+01   1.9481592e+01   1.9289209e+01
   2.2900000e+01   2.1395898e+01   2.1148096e+01
   2.4135000e+01   1.7705957e+01   2.1274072e+01
   2.4440000e+01   1.4618555e+01   2.1792871e+01
   2.5085000e+01   1.3363428e+01   2.0455957e+01
   2.5845000e+01   1.4916650e+01   1.8914941e+01
   2.4180000e+01   1.6298975e+01   1.9630029e+01
   2.3275000e+01   1.6509668e+01   1.5996729e+01
   2.1530000e+01   1.6748193e+01   1.4147363e+01
   2.0380000e+01   1.4083887e+01   1.6168359e+01
   2.0625000e+01   1.4336572e+01   1.8314111e+01
   2.0980000e+01   1.5210107e+01   1.9223047e+01
   1.9220000e+01   1.5833643e+01   1.9380518e+01
   2.1080000e+01   1.5065576e+01   1.8178857e+01
   2.1030000e+01   1.3113184e+01   1.8721338e+01
   1.8820000e+01   1.5407373e+01   1.8931299e+01
   1.9480000e+01   1.6488672e+01   1.8746729e+01
   2.1280000e+01   1.3429590e+01   1.8811182e+01
   2.1385000e+01   1.6477441e+01   1.7308008e+01
   2.0630000e+01   1.6206689e+01   1.7168848e+01
   1.8925000e+01   1.4724512e+01   1.6242578e+01
   1.4105000e+01   1.4174707e+01   1.6523370e+01
   1.6615000e+01   1.4997461e+01   1.7904443e+01
   1.8655000e+01   1.2336084e+01   1.9332666e+01
   1.9155000e+01   1.0520898e+01   2.0684961e+01
   1.8375000e+01   1.3203516e+01   1.7116602e+01
   1.8085000e+01   1.4177148e+01   1.7051660e+01
   1.9300000e+01   1.8444482e+01   1.4952295e+01
   1.8765000e+01   1.9083887e+01   1.6586084e+01
   1.8850000e+01   1.7955713e+01   1.7415430e+01
   1.8995000e+01   1.7193750e+01   1.6793848e+01
   1.9320000e+01   1.7702295e+01   1.6285547e+01
   1.8490000e+01   1.6923730e+01   1.6292871e+01
   1.7280000e+01   1.5189844e+01   1.5755518e+01
   1.6540000e+01   1.8616357e+01   1.4130518e+01
   1.3255000e+01   1.7662073e+01   1.5856836e+01
   1.1495000e+01   1.6114893e+01   1.8066797e+01
   1.4920000e+01   1.5510889e+01   1.8233301e+01
   1.4210000e+01   1.5693506e+01   1.6539209e+01
   1.3705000e+01   1.9358301e+01   1.4898340e+01
   1.6170000e+01   1.7554346e+01   1.5454004e+01
   1.5920000e+01   1.8273401e+01   1.6775781e+01
   1.6420000e+01   1.8498010e+01   1.5374078e+01
   1.4270000e+01   1.6162500e+01   1.6136133e+01
   1.4320000e+01   1.1599023e+01   1.4393457e+01
   1.2920000e+01   9.3409668e+00   9.4020020e+00
   1.3070000e+01   7.7762695e+00   8.3204590e+00
   1.2820000e+01   6.7577148e+00   1.0719385e+01
   1.2520000e+01   6.0770508e+00   1.0977197e+01
   1.2870000e+01   9.2684570e+00   1.0886133e+01
   1.2470000e+01   6.7914063e+00   1.2327295e+01
   1.1070000e+01   5.5870605e+00   1.4013818e+01
   1.1300000e+01   5.5208984e+00   1.2587305e+01
   1.0575000e+01   8.6463867e+00   1.1559717e+01
   1.3775000e+01   8.2152344e+00   1.0123438e+01
   1.4460000e+01   8.4800354e+00   9.6402832e+00
   1.3820000e+01   8.2303711e+00   1.0891016e+01
   1.4340000e+01   6.6818481e+00   1.2202295e+01
   1.5010000e+01   6.1456543e+00   1.1934717e+01
   1.4650000e+01   5.3773438e+00   1.0753809e+01
   1.5345000e+01   5.7093750e+00   1.2748438e+01
   1.5250000e+01   8.2635742e+00   1.0806543e+01
   1.3935000e+01   7.9093262e+00   8.7240234e+00
   1.2225000e+01   9.6159607e+00   9.0899902e+00
   1.2435000e+01   8.8386169e+00   1.3069238e+01
   1.2465000e+01   1.1618982e+01   9.2508789e+00
   1.2495000e+01   1.0410425e+01   1.0655664e+01
   1.2615000e+01   9.7635132e+00   7.8045898e+00
   1.1315000e+01   7.9537292e+00   6.5048767e+00
   1.2055000e+01   5.9191528e+00   5.3111206e+00
   1.1895000e+01   5.7080627e+00   6.5804077e+00
   1.1885000e+01   4.2657715e+00   1.0643945e+01
   9.1800000e+00   9.6064087e+00   1.3908838e+01
   1.0825000e+01   1.0107813e+01   1.2655420e+01
   8.9200000e+00   4.9695068e+00   1.4584741e+01
   8.8200000e+00   3.7199646e+00   1.4095911e+01
   6.7700000e+00   4.5662476e+00   1.1209528e+01
   8.4700000e+00   1.0602747e+01   1.1421167e+01
   9.3200000e+00   7.0446106e+00   8.1054626e+00
   9.9700000e+00   4.8967529e+00   7.4854675e+00
   9.1200000e+00   5.3055359e+00   1.0776392e+01
   8.3700000e+00   8.6565186e+00   8.0259033e+00
   6.0700000e+00   6.4056030e+00   9.6856934e+00
   3.5700000e+00   1.0257196e+01   9.3783203e+00
   2.9700000e+00   1.0789575e+01   9.8945557e+00
   5.0700000e+00   1.1102563e+01   1.1652002e+01
   4.6700000e+00   9.6927734e+00   8.7968689e+00
   2.6200000e+00   8.2864929e+00   1.2091211e+01
   3.7000000e-01   6.6734253e+00   1.2745935e+01
  -2.0800000e+00   9.0034424e+00   1.2022302e+01
   1.7000000e-01   1.0645166e+01   4.8064209e+00
   6.2000000e-01   1.1485498e+01   4.3086487e+00
   6.7000000e-01   1.0358240e+01   4.7336365e+00
   1.2000000e-01   9.1321960e+00   3.1455017e+00
   2.0700000e+00   7.0624023e+00   7.7250000e+00
   2.4700000e+00   8.8711182e+00   1.0582727e+01
  -8.8000000e-01   9.9753967e+00   1.0643762e+01
   2.5200000e+00   9.4904419e+00   1.0018732e+01
  -4.8000000e-01   5.5298706e+00   1.0788843e+01
   2.8200000e+00   9.7522522e+00   9.3303467e+00
   2.9200000e+00   1.2486780e+01   8.3600098e+00
   1.5700000e+00   7.8285767e+00   1.0391748e+01
  -5.8000000e-01   8.6052490e+00   8.9914185e+00
   3.9200000e+00   1.0518579e+01   1.1727960e+01
   2.2700000e+00   9.6518188e+00   1.2969019e+01
   2.4200000e+00   5.5133911e+00   1.1560541e+01
   1.6200000e+00   5.5534912e+00   9.1171814e+00
   2.9200000e+00   7.4035278e+00   1.0608484e+01
   2.0000000e-02   9.4844910e+00   8.9731689e+00
   2.3700000e+00   8.9661499e+00   8.1855713e+00
   2.0200000e+00   7.4356934e+00   3.5435730e+00
   4.7700000e+00   7.4729553e+00   2.5396973e+00
   2.2200000e+00   6.9312683e+00   4.1309753e+00
  -2.6800000e+00   5.0756470e+00   4.1327148e+00
   8.2000000e-01   2.7217041e+00   3.0376221e+00
  -1.3000000e-01   3.0280396e+00   3.5241028e+00
   2.7000000e-01   1.2017456e+00   8.4023376e+00
   7.7000000e-01   1.4053589e+00   1.2611230e+01
   3.0200000e+00   3.2035156e+00   4.6385132e+00
   2.5200000e+00   4.2844177e+00   7.3464600e+00
   2.6200000e+00   1.7180115e+00   1.2598901e+01
   7.7000000e-01   2.8267456e+00   8.8118225e+00
  -1.9300000e+00   1.6930176e+00   1.0551843e+01
  -3.4800000e+00   9.2360840e-01   5.7846924e+00
  -7.3800000e+00   5.0628052e-01   2.5501343e+00
  -2.1300000e+00   3.3196655e+00   1.6864563e+00
